0,0.000000,0.000000,0.000000
1,0.000000,0.000000,0.000000
2,0.000000,0.000000,0.000000
3,0.000000,0.000000,0.000000
4,0.000000,0.000000,0.000000
5,0.000000,0.000000,0.000000
6,0.000105,0.000000,0.000000
7,0.000316,0.000000,0.000000
8,0.000526,0.000000,0.000000
9,0.000842,0.000000,0.000000
10,0.001158,0.000000,0.000000
11,0.001579,0.000000,0.000000
12,0.002000,0.000000,0.000000
13,0.002421,0.000000,0.000000
14,0.002947,0.000000,0.000000
15,0.003473,0.000000,0.000000
16,0.004104,0.000000,0.000000
17,0.004631,0.000000,0.000000
18,0.005367,0.000000,0.000000
19,0.006209,0.000000,0.000000
20,0.007051,0.000000,0.000000
21,0.007998,0.000000,0.000000
22,0.008840,0.000000,0.000000
23,0.009893,0.000000,0.000000
24,0.010945,0.000000,0.000000
25,0.012103,0.000000,0.000000
26,0.013155,0.000000,0.000000
27,0.014418,0.000000,0.000000
28,0.015681,0.000000,0.000000
29,0.017049,0.000000,0.000000
30,0.018312,0.000000,0.000000
31,0.019786,0.000000,0.000000
32,0.021259,0.000000,0.000000
33,0.022733,0.000000,0.000000
34,0.024311,0.000000,0.000000
35,0.025890,0.000000,0.000000
36,0.027574,0.000000,0.000000
37,0.029363,0.000000,0.000000
38,0.031047,0.000000,0.000000
39,0.032941,0.000000,0.000000
40,0.034730,0.000000,0.000000
41,0.036730,0.000000,0.000000
42,0.038624,0.000000,0.000000
43,0.040729,0.000000,0.000000
44,0.042834,0.000000,0.000000
45,0.044939,0.000000,0.000000
46,0.047149,0.000000,0.000000
47,0.049359,0.000000,0.000000
48,0.051569,0.000000,0.000000
49,0.053990,0.000000,0.000000
50,0.056305,0.000000,0.000000
51,0.058831,0.000000,0.000000
52,0.061252,0.000000,0.000000
53,0.063883,0.000000,0.000000
54,0.066409,0.000000,0.000000
55,0.069040,0.000000,0.000000
56,0.071776,0.000000,0.000000
57,0.074512,0.000000,0.000000
58,0.077249,0.000000,0.000000
59,0.080195,0.000000,0.000000
60,0.083037,0.000000,0.000000
61,0.085984,0.000000,0.000000
62,0.089036,0.000000,0.000000
63,0.092088,0.000000,0.000000
64,0.095140,0.000000,0.000000
65,0.098403,0.000000,0.000000
66,0.101560,0.000000,0.000000
67,0.104822,0.000000,0.000000
68,0.108085,0.000000,0.000000
69,0.111558,0.000000,0.000000
70,0.114926,0.000000,0.000000
71,0.118399,0.000000,0.000000
72,0.121872,0.000000,0.000000
73,0.125450,0.000000,0.000000
74,0.129028,0.000000,0.000000
75,0.132817,0.000000,0.000000
76,0.136501,0.000000,0.000000
77,0.140289,0.000000,0.000000
78,0.144078,0.000000,0.000000
79,0.147972,0.000000,0.000000
80,0.151866,0.000000,0.000000
81,0.155865,0.000000,0.000000
82,0.159865,0.000000,0.000000
83,0.163969,0.000000,0.000000
84,0.168074,0.000000,0.000000
85,0.172283,0.000000,0.000000
86,0.176493,0.000000,0.000000
87,0.180808,0.000000,0.000000
88,0.185123,0.000000,0.000000
89,0.189543,0.000000,0.000000
90,0.193964,0.000000,0.000000
91,0.198489,0.000000,0.000000
92,0.203014,0.000000,0.000000
93,0.207645,0.000000,0.000000
94,0.212276,0.000000,0.000000
95,0.217012,0.000000,0.000000
96,0.221748,0.000000,0.000000
97,0.226589,0.000000,0.000000
98,0.231430,0.000000,0.000000
99,0.236271,0.000000,0.000000
100,0.241218,0.000000,0.000000
101,0.246269,0.000000,0.000000
102,0.251321,0.000000,0.000000
103,0.256478,0.000000,0.000000
104,0.261635,0.000000,0.000000
105,0.266792,0.000000,0.000000
106,0.272054,0.000000,0.000000
107,0.277421,0.000000,0.000000
108,0.282789,0.000000,0.000000
109,0.288156,0.000000,0.000000
110,0.293629,0.000000,0.000000
111,0.299207,0.000000,0.000000
112,0.304785,0.000000,0.000000
113,0.310363,0.000000,0.000000
114,0.316046,0.000000,0.000000
115,0.321834,0.000000,0.000000
116,0.327517,0.000000,0.000000
117,0.333411,0.000000,0.000000
118,0.339305,0.000000,0.000000
119,0.345198,0.000000,0.000000
120,0.351197,0.000000,0.000000
121,0.357196,0.000000,0.000000
122,0.363300,0.000000,0.000000
123,0.369404,0.000000,0.000000
124,0.375508,0.000000,0.000000
125,0.381612,0.000000,0.000000
126,0.387611,0.000000,0.000000
127,0.393715,0.000000,0.000000
128,0.399714,0.000000,0.000000
129,0.405818,0.000000,0.000000
130,0.411922,0.000000,0.000000
131,0.417921,0.000000,0.000000
132,0.424025,0.000000,0.000000
133,0.430024,0.000000,0.000000
134,0.436128,0.000000,0.000000
135,0.442233,0.000000,0.000000
136,0.448231,0.000000,0.000000
137,0.454336,0.000000,0.000000
138,0.460334,0.000000,0.000000
139,0.466439,0.000000,0.000000
140,0.472437,0.000000,0.000000
141,0.478542,0.000000,0.000000
142,0.484646,0.000000,0.000000
143,0.490645,0.000000,0.000000
144,0.496749,0.000000,0.000000
145,0.502748,0.000000,0.000000
146,0.508852,0.000000,0.000000
147,0.514956,0.000000,0.000000
148,0.520955,0.000000,0.000000
149,0.527059,0.000000,0.000000
150,0.533058,0.000000,0.000000
151,0.539162,0.000000,0.000000
152,0.545266,0.000000,0.000000
153,0.551265,0.000000,0.000000
154,0.557369,0.000000,0.000000
155,0.563368,0.000000,0.000000
156,0.569472,0.000000,0.000000
157,0.575576,0.000000,0.000000
158,0.581575,0.000000,0.000000
159,0.587679,0.000000,0.000000
160,0.593678,0.000000,0.000000
161,0.599782,0.000000,0.000000
162,0.605781,0.000000,0.000000
163,0.611885,0.000000,0.000000
164,0.617989,0.000000,0.000000
165,0.623988,0.000000,0.000000
166,0.630092,0.000000,0.000000
167,0.636091,0.000000,0.000000
168,0.642195,0.000000,0.000000
169,0.648299,0.000000,0.000000
170,0.654298,0.000000,0.000000
171,0.660402,0.000000,0.000000
172,0.666401,0.000000,0.000000
173,0.672505,0.000000,0.000000
174,0.678609,0.000000,0.000000
175,0.684608,0.000000,0.000000
176,0.690712,0.000000,0.000000
177,0.696711,0.000000,0.000000
178,0.702815,0.000000,0.000000
179,0.708814,0.000000,0.000000
180,0.714918,0.000000,0.000000
181,0.721022,0.000000,0.000000
182,0.727021,0.000000,0.000000
183,0.733125,0.000000,0.000000
184,0.739124,0.000000,0.000000
185,0.745228,0.000000,0.000000
186,0.751332,0.000000,0.000000
187,0.757331,0.000000,0.000000
188,0.763435,0.000000,0.000000
189,0.769434,0.000000,0.000000
190,0.775538,0.000000,0.000000
191,0.781642,0.000000,0.000000
192,0.787641,0.000000,0.000000
193,0.793745,0.000000,0.000000
194,0.799744,0.000000,0.000000
195,0.805848,0.000000,0.000000
196,0.811847,0.000000,0.000000
197,0.817951,0.000000,0.000000
198,0.824055,0.000000,0.000000
199,0.830054,0.000000,0.000000
200,0.836158,0.000000,0.000000
201,0.842157,0.000000,0.000000
202,0.848261,0.000000,0.000000
203,0.854366,0.000000,0.000000
204,0.860364,0.000000,0.000000
205,0.866469,0.000000,0.000000
206,0.872467,0.000000,0.000000
207,0.878572,0.000000,0.000000
208,0.884676,0.000000,0.000000
209,0.890675,0.000000,0.000000
210,0.896779,0.000000,0.000000
211,0.902777,0.000000,0.000000
212,0.908882,0.000000,0.000000
213,0.914880,0.000000,0.000000
214,0.920985,0.000000,0.000000
215,0.927089,0.000000,0.000000
216,0.933088,0.000000,0.000000
217,0.939192,0.000000,0.000000
218,0.945191,0.000000,0.000000
219,0.951295,0.000000,0.000000
220,0.957399,0.000000,0.000000
221,0.963398,0.000000,0.000000
222,0.969502,0.000000,0.000000
223,0.975501,0.000000,0.000000
224,0.981605,0.000000,0.000000
225,0.987709,0.000000,0.000000
226,0.993708,0.000000,0.000000
227,0.999812,0.000000,0.000000
228,1.005811,0.000000,0.000000
229,1.011915,0.000000,0.000000
230,1.018019,0.000000,0.000000
231,1.024018,0.000000,0.000000
232,1.030122,0.000000,0.000000
233,1.036121,0.000000,0.000000
234,1.042225,0.000000,0.000000
235,1.048224,0.000000,0.000000
236,1.054328,0.000000,0.000000
237,1.060432,0.000000,0.000000
238,1.066431,0.000000,0.000000
239,1.072535,0.000000,0.000000
240,1.078534,0.000000,0.000000
241,1.084638,0.000000,0.000000
242,1.090742,0.000000,0.000000
243,1.096741,0.000000,0.000000
244,1.102845,0.000000,0.000000
245,1.108844,0.000000,0.000000
246,1.114948,0.000000,0.000000
247,1.121052,0.000000,0.000000
248,1.127051,0.000000,0.000000
249,1.133155,0.000000,0.000000
250,1.139154,0.000000,0.000000
251,1.145258,0.000000,0.000000
252,1.151257,0.000000,0.000000
253,1.157361,0.000000,0.000000
254,1.163465,0.000000,0.000000
255,1.169464,0.000000,0.000000
256,1.175568,0.000000,0.000000
257,1.181567,0.000000,0.000000
258,1.187671,0.000000,0.000000
259,1.193775,0.000000,0.000000
260,1.199774,0.000000,0.000000
261,1.205878,0.000000,0.000000
262,1.211877,0.000000,0.000000
263,1.217981,0.000000,0.000000
264,1.224085,0.000000,0.000000
265,1.230084,0.000000,0.000000
266,1.236188,0.000000,0.000000
267,1.242187,0.000000,0.000000
268,1.248291,0.000000,0.000000
269,1.254290,0.000000,0.000000
270,1.260394,0.000000,0.000000
271,1.266499,0.000000,0.000000
272,1.272497,0.000000,0.000000
273,1.278602,0.000000,0.000000
274,1.284600,0.000000,0.000000
275,1.290704,0.000000,0.000000
276,1.296809,0.000000,0.000000
277,1.302807,0.000000,0.000000
278,1.308912,0.000000,0.000000
279,1.314910,0.000000,0.000000
280,1.321015,0.000000,0.000000
281,1.327119,0.000000,0.000000
282,1.333118,0.000000,0.000000
283,1.339222,0.000000,0.000000
284,1.345221,0.000000,0.000000
285,1.351325,0.000000,0.000000
286,1.357324,0.000000,0.000000
287,1.363428,0.000000,0.000000
288,1.369532,0.000000,0.000000
289,1.375531,0.000000,0.000000
290,1.381635,0.000000,0.000000
291,1.387634,0.000000,0.000000
292,1.393738,0.000000,0.000000
293,1.399842,0.000000,0.000000
294,1.405841,0.000000,0.000000
295,1.411945,0.000000,0.000000
296,1.417944,0.000000,0.000000
297,1.424048,0.000000,0.000000
298,1.430152,0.000000,0.000000
299,1.436151,0.000000,0.000000
300,1.442255,0.000000,0.000000
301,1.448254,0.000000,0.000000
302,1.454358,0.000000,0.000000
303,1.460462,0.000000,0.000000
304,1.466461,0.000000,0.000000
305,1.472565,0.000000,0.000000
306,1.478564,0.000000,0.000000
307,1.484668,0.000000,0.000000
308,1.490667,0.000000,0.000000
309,1.496771,0.000000,0.000000
310,1.502875,0.000000,0.000000
311,1.508874,0.000000,0.000000
312,1.514978,0.000000,0.000000
313,1.520977,0.000000,0.000000
314,1.527081,0.000000,0.000000
315,1.533185,0.000000,0.000000
316,1.539184,0.000000,0.000000
317,1.545288,0.000000,0.000000
318,1.551287,0.000000,0.000000
319,1.557391,0.000000,0.000000
320,1.563495,0.000000,0.000000
321,1.569494,0.000000,0.000000
322,1.575598,0.000000,0.000000
323,1.581597,0.000000,0.000000
324,1.587701,0.000000,0.000000
325,1.593700,0.000000,0.000000
326,1.599804,0.000000,0.000000
327,1.605908,0.000000,0.000000
328,1.611907,0.000000,0.000000
329,1.618011,0.000000,0.000000
330,1.624010,0.000000,0.000000
331,1.630114,0.000000,0.000000
332,1.636218,0.000000,0.000000
333,1.642217,0.000000,0.000000
334,1.648321,0.000000,0.000000
335,1.654320,0.000000,0.000000
336,1.660424,0.000000,0.000000
337,1.666423,0.000000,0.000000
338,1.672317,0.000000,0.000000
339,1.678211,0.000000,0.000000
340,1.683999,0.000000,0.000000
341,1.689787,0.000000,0.000000
342,1.695576,0.000000,0.000000
343,1.701154,0.000000,0.000000
344,1.706837,0.000000,0.000000
345,1.712415,0.000000,0.000000
346,1.717993,0.000000,0.000000
347,1.723360,0.000000,0.000000
348,1.728833,0.000000,0.000000
349,1.734200,0.000000,0.000000
350,1.739567,0.000000,0.000000
351,1.744724,0.000000,0.000000
352,1.749986,0.000000,0.000000
353,1.755143,0.000000,0.000000
354,1.760300,0.000000,0.000000
355,1.765352,0.000000,0.000000
356,1.770298,0.000000,0.000000
357,1.775245,0.000000,0.000000
358,1.780191,0.000000,0.000000
359,1.785033,0.000000,0.000000
360,1.789874,0.000000,0.000000
361,1.794610,0.000000,0.000000
362,1.799346,0.000000,0.000000
363,1.803976,0.000000,0.000000
364,1.808502,0.000000,0.000000
365,1.813027,0.000000,0.000000
366,1.817553,0.000000,0.000000
367,1.821973,0.000000,0.000000
368,1.826393,0.000000,0.000000
369,1.830708,0.000000,0.000000
370,1.835023,0.000000,0.000000
371,1.839233,0.000000,0.000000
372,1.843443,0.000000,0.000000
373,1.847547,0.000000,0.000000
374,1.851652,0.000000,0.000000
375,1.855651,0.000000,0.000000
376,1.859755,0.000000,0.000000
377,1.863649,0.000000,0.000000
378,1.867543,0.000000,0.000000
379,1.871332,0.000000,0.000000
380,1.875121,0.000000,0.000000
381,1.878804,0.000000,0.000000
382,1.882488,0.000000,0.000000
383,1.886066,0.000000,0.000000
384,1.889750,0.000000,0.000000
385,1.893223,0.000000,0.000000
386,1.896696,0.000000,0.000000
387,1.900064,0.000000,0.000000
388,1.903431,0.000000,0.000000
389,1.906799,0.000000,0.000000
390,1.910062,0.000000,0.000000
391,1.913219,0.000000,0.000000
392,1.916376,0.000000,0.000000
393,1.919534,0.000000,0.000000
394,1.922586,0.000000,0.000000
395,1.925532,0.000000,0.000000
396,1.928584,0.000000,0.000000
397,1.931426,0.000000,0.000000
398,1.934268,0.000000,0.000000
399,1.937109,0.000000,0.000000
400,1.939845,0.000000,0.000000
401,1.942477,0.000000,0.000000
402,1.945213,0.000000,0.000000
403,1.947739,0.000000,0.000000
404,1.950265,0.000000,0.000000
405,1.952790,0.000000,0.000000
406,1.955211,0.000000,0.000000
407,1.957632,0.000000,0.000000
408,1.959947,0.000000,0.000000
409,1.962262,0.000000,0.000000
410,1.966683,0.000000,0.000000
411,1.968787,0.000000,0.000000
412,1.970998,0.000000,0.000000
413,1.972997,0.000000,0.000000
414,1.975102,0.000000,0.000000
415,1.976996,0.000000,0.000000
416,1.978996,0.000000,0.000000
417,1.980785,0.000000,0.000000
418,1.982680,0.000000,0.000000
419,1.984469,0.000000,0.000000
420,1.986153,0.000000,0.000000
421,1.987836,0.000000,0.000000
422,1.989415,0.000000,0.000000
423,1.990994,0.000000,0.000000
424,1.992572,0.000000,0.000000
425,1.993941,0.000000,0.000000
426,1.995414,0.000000,0.000000
427,1.996782,0.000000,0.000000
428,1.998045,0.000000,0.000000
429,1.999308,0.000000,0.000000
430,2.000571,0.000000,0.000000
431,2.001729,0.000000,0.000000
432,2.002781,0.000000,0.000000
433,2.002781,0.000000,0.000000
434,2.002781,0.000000,0.000000
435,2.002781,0.000000,0.000000
436,2.002834,-0.000000,0.000411
437,2.002834,-0.000000,0.001233
438,2.002834,-0.000000,0.002878
439,2.002834,-0.000000,0.004522
440,2.002834,-0.000000,0.006989
441,2.002886,-0.000000,0.009044
442,2.002886,-0.000000,0.012333
443,2.002886,-0.000000,0.015622
444,2.002886,-0.000000,0.018911
445,2.002886,-0.000000,0.023022
446,2.002834,0.000001,0.026722
447,2.002834,0.000001,0.031655
448,2.002834,0.000001,0.036589
449,2.002886,-0.000001,0.041933
450,2.002886,-0.000001,0.048511
451,2.002886,-0.000001,0.055088
452,2.002834,0.000002,0.062077
453,2.002834,0.000002,0.069477
454,2.002886,-0.000002,0.077288
455,2.002886,-0.000002,0.085510
456,2.002834,0.000003,0.094143
457,2.002834,0.000003,0.103188
458,2.002886,-0.000003,0.112643
459,2.002886,-0.000003,0.122510
460,2.002834,0.000004,0.132788
461,2.002886,-0.000004,0.143065
462,2.002886,-0.000004,0.154576
463,2.002834,0.000005,0.165676
464,2.002886,-0.000004,0.177598
465,2.002886,-0.000004,0.189931
466,2.002834,0.000006,0.202676
467,2.002886,-0.000005,0.215420
468,2.002835,0.000007,0.228987
469,2.002835,0.000007,0.242964
470,2.002885,-0.000006,0.257353
471,2.002835,0.000008,0.271742
472,2.002885,-0.000007,0.286953
473,2.002835,0.000009,0.302164
474,2.002885,-0.000008,0.318197
475,2.002835,0.000009,0.334230
476,2.002885,-0.000009,0.351085
477,2.002836,0.000010,0.367941
478,2.002884,-0.000010,0.385618
479,2.002836,0.000011,0.403296
480,2.002884,-0.000010,0.421796
481,2.002836,0.000012,0.440295
482,2.002883,-0.000011,0.459617
483,2.002883,-0.000011,0.478528
484,2.002837,0.000014,0.498673
485,2.002883,-0.000012,0.518817
486,2.002838,0.000015,0.539783
487,2.002882,-0.000013,0.560750
488,2.002882,-0.000013,0.582127
489,2.002839,0.000017,0.603916
490,2.002882,-0.000014,0.626527
491,2.002882,-0.000014,0.648727
492,2.002840,0.000019,0.672160
493,2.002881,-0.000015,0.695593
494,2.002881,-0.000015,0.719437
495,2.002842,0.000020,0.742870
496,2.002842,0.000020,0.765892
497,2.002879,-0.000017,0.789325
498,2.002843,0.000021,0.812758
499,2.002843,0.000021,0.835780
500,2.002877,-0.000019,0.859213
501,2.002877,-0.000019,0.882235
502,2.002845,0.000023,0.905668
503,2.002876,-0.000019,0.929101
504,2.002876,-0.000019,0.952123
505,2.002847,0.000024,0.974734
506,2.002875,-0.000020,0.997345
507,2.002875,-0.000020,1.018723
508,2.002849,0.000025,1.040511
509,2.002874,-0.000021,1.061478
510,2.002874,-0.000021,1.082033
511,2.002851,0.000026,1.102177
512,2.002874,-0.000021,1.122322
513,2.002852,0.000027,1.141644
514,2.002873,-0.000021,1.160966
515,2.002853,0.000027,1.179466
516,2.002872,-0.000022,1.197965
517,2.002853,0.000028,1.215643
518,2.002853,0.000028,1.232909
519,2.002870,-0.000022,1.249765
520,2.002854,0.000028,1.266620
521,2.002854,0.000028,1.283064
522,2.002868,-0.000023,1.299098
523,2.002855,0.000028,1.314309
524,2.002868,-0.000023,1.329520
525,2.002856,0.000028,1.343908
526,2.002867,-0.000023,1.358297
527,2.002856,0.000028,1.371864
528,2.002866,-0.000023,1.385430
529,2.002866,-0.000023,1.398586
530,2.002858,0.000029,1.411330
531,2.002866,-0.000023,1.423252
532,2.002858,0.000029,1.435174
533,2.002858,0.000029,1.446685
534,2.002864,-0.000024,1.457785
535,2.002859,0.000029,1.468063
536,2.002859,0.000029,1.478751
537,2.002863,-0.000024,1.488207
538,2.002863,-0.000024,1.498073
539,2.002860,0.000029,1.506707
540,2.002860,0.000029,1.515751
541,2.002862,-0.000024,1.523562
542,2.002862,-0.000024,1.531784
543,2.002861,0.000029,1.538773
544,2.002861,0.000029,1.546173
545,2.002862,-0.000024,1.552339
546,2.002862,-0.000024,1.558917
547,2.002862,-0.000024,1.564673
548,2.002862,0.000029,1.570017
549,2.002862,0.000029,1.574950
550,2.002862,0.000029,1.579884
551,2.002862,0.000029,1.583995
552,2.002862,0.000029,1.583995
553,2.002862,0.000029,1.583995
554,2.002862,0.000029,1.583995
555,2.002862,0.000029,1.583995
556,2.002860,-0.000076,1.583995
557,2.002860,-0.000129,1.583584
558,2.002857,-0.000339,1.583584
559,2.002854,-0.000550,1.582761
560,2.002851,-0.000866,1.582761
561,2.002847,-0.001181,1.582761
562,2.002842,-0.001602,1.582761
563,2.002838,-0.001971,1.582350
564,2.002831,-0.002497,1.582350
565,2.002826,-0.003023,1.581528
566,2.002819,-0.003654,1.581528
567,2.002812,-0.004286,1.581528
568,2.002805,-0.004970,1.581117
569,2.002798,-0.005707,1.581117
570,2.002789,-0.006548,1.581117
571,2.002781,-0.007338,1.580706
572,2.002772,-0.008285,1.580706
573,2.002763,-0.009179,1.580295
574,2.002753,-0.010232,1.580295
575,2.002744,-0.011232,1.579884
576,2.002734,-0.012389,1.579884
577,2.002724,-0.013494,1.579473
578,2.002713,-0.014757,1.579473
579,2.002703,-0.015967,1.579061
580,2.002692,-0.017335,1.579061
581,2.002681,-0.018651,1.578650
582,2.002670,-0.020124,1.578650
583,2.002659,-0.021545,1.578239
584,2.002648,-0.023018,1.578239
585,2.002638,-0.024597,1.577417
586,2.002626,-0.026228,1.577828
587,2.002616,-0.027860,1.577417
588,2.002604,-0.029649,1.577417
589,2.002593,-0.031385,1.577006
590,2.002581,-0.033227,1.577417
591,2.002570,-0.035121,1.576595
592,2.002559,-0.037016,1.576595
593,2.002548,-0.038963,1.576184
594,2.002537,-0.041067,1.576184
595,2.002527,-0.043120,1.575773
596,2.002516,-0.045224,1.575773
597,2.002506,-0.047382,1.575361
598,2.002496,-0.049697,1.575361
599,2.002486,-0.051960,1.574950
600,2.002477,-0.054275,1.574950
601,2.002468,-0.056643,1.574539
602,2.002458,-0.059116,1.574950
603,2.002450,-0.061537,1.574128
604,2.002441,-0.064168,1.574128
605,2.002433,-0.066747,1.573717
606,2.002426,-0.069378,1.573717
607,2.002419,-0.072061,1.573306
608,2.002412,-0.074798,1.573306
609,2.002406,-0.077587,1.572895
610,2.002399,-0.080481,1.573306
611,2.002394,-0.083322,1.572484
612,2.002388,-0.086322,1.572895
613,2.002383,-0.089321,1.572484
614,2.002379,-0.092426,1.572073
615,2.002375,-0.095478,1.572073
616,2.002372,-0.098688,1.571661
617,2.002369,-0.101845,1.571661
618,2.002368,-0.105160,1.571250
619,2.002366,-0.108423,1.571250
620,2.002366,-0.111843,1.570839
621,2.002366,-0.115211,1.570839
622,2.002366,-0.118684,1.570839
623,2.002367,-0.122210,1.570428
624,2.002369,-0.125788,1.570428
625,2.002373,-0.129366,1.569606
626,2.002377,-0.133050,1.569606
627,2.002383,-0.136786,1.569195
628,2.002389,-0.140575,1.569195
629,2.002395,-0.144363,1.569195
630,2.002402,-0.148257,1.569195
631,2.002410,-0.152204,1.568784
632,2.002418,-0.156203,1.568784
633,2.002429,-0.160202,1.567962
634,2.002441,-0.164307,1.567962
635,2.002452,-0.168411,1.567962
636,2.002464,-0.172621,1.567962
637,2.002480,-0.176831,1.567139
638,2.002495,-0.181146,1.567139
639,2.002511,-0.185461,1.567139
640,2.002527,-0.189881,1.567139
641,2.002547,-0.194301,1.566317
642,2.002567,-0.198827,1.566317
643,2.002588,-0.203352,1.566317
644,2.002608,-0.207983,1.566317
645,2.002631,-0.212561,1.565906
646,2.002654,-0.217297,1.565906
647,2.002681,-0.222032,1.565084
648,2.002709,-0.226874,1.565084
649,2.002736,-0.231715,1.565084
650,2.002764,-0.236661,1.565084
651,2.002794,-0.241555,1.564673
652,2.002825,-0.246606,1.564673
653,2.002858,-0.251605,1.564262
654,2.002892,-0.256762,1.564262
655,2.002927,-0.261866,1.563850
656,2.002964,-0.267128,1.563850
657,2.003002,-0.272338,1.563439
658,2.003042,-0.277705,1.563439
659,2.003083,-0.283020,1.563028
660,2.003125,-0.288492,1.563028
661,2.003170,-0.293912,1.562617
662,2.003215,-0.299490,1.562617
663,2.003263,-0.305015,1.562206
664,2.003312,-0.310698,1.562206
665,2.003362,-0.316328,1.561795
666,2.003414,-0.322116,1.561795
667,2.003468,-0.327852,1.561384
668,2.003524,-0.333745,1.561384
669,2.003581,-0.339586,1.560973
670,2.003639,-0.345479,1.560973
671,2.003700,-0.351425,1.560562
672,2.003762,-0.357529,1.560562
673,2.003827,-0.363580,1.560151
674,2.003893,-0.369789,1.560151
675,2.003950,-0.375840,1.561384
676,2.003999,-0.381891,1.562617
677,2.004041,-0.387943,1.563850
678,2.004081,-0.393994,1.564262
679,2.004118,-0.400046,1.564673
680,2.004153,-0.406097,1.565084
681,2.004185,-0.412148,1.565495
682,2.004217,-0.418252,1.565495
683,2.004247,-0.424304,1.565906
684,2.004274,-0.430355,1.566317
685,2.004298,-0.436407,1.566728
686,2.004318,-0.442511,1.567550
687,2.004335,-0.448562,1.567962
688,2.004350,-0.454614,1.568373
689,2.004362,-0.460665,1.568784
690,2.004372,-0.466717,1.569195
691,2.004379,-0.472768,1.569606
692,2.004386,-0.478872,1.569606
693,2.004391,-0.484924,1.570017
694,2.004393,-0.490975,1.570428
695,2.004393,-0.497027,1.570839
696,2.004390,-0.503078,1.571250
697,2.004385,-0.509130,1.571661
698,2.004382,-0.515181,1.571250
699,2.004379,-0.521391,1.571250
700,2.004379,-0.527442,1.570839
701,2.004376,-0.533599,1.571250
702,2.004376,-0.539650,1.570839
703,2.004378,-0.545807,1.570428
704,2.004383,-0.551859,1.570017
705,2.004388,-0.558068,1.570017
706,2.004390,-0.564119,1.570428
707,2.004390,-0.570171,1.570839
708,2.004387,-0.576222,1.571250
709,2.004382,-0.582274,1.571661
710,2.004379,-0.588325,1.571250
711,2.004376,-0.594535,1.571250
712,2.004376,-0.600586,1.570839
713,2.004373,-0.606743,1.571250
714,2.004373,-0.612794,1.570839
715,2.004375,-0.618951,1.570428
716,2.004380,-0.625003,1.570017
717,2.004385,-0.631212,1.570017
718,2.004387,-0.637263,1.570428
719,2.004387,-0.643315,1.570839
720,2.004384,-0.649366,1.571250
721,2.004379,-0.655418,1.571661
722,2.004376,-0.661469,1.571250
723,2.004373,-0.667679,1.571250
724,2.004373,-0.673730,1.570839
725,2.004370,-0.679887,1.571250
726,2.004370,-0.685939,1.570839
727,2.004372,-0.692095,1.570428
728,2.004377,-0.698147,1.570017
729,2.004382,-0.704356,1.570017
730,2.004384,-0.710408,1.570428
731,2.004384,-0.716459,1.570839
732,2.004381,-0.722511,1.571250
733,2.004376,-0.728562,1.571661
734,2.004373,-0.734614,1.571250
735,2.004370,-0.740823,1.571250
736,2.004370,-0.746874,1.570839
737,2.004367,-0.753031,1.571250
738,2.004367,-0.759083,1.570839
739,2.004369,-0.765239,1.570428
740,2.004374,-0.771291,1.570017
741,2.004379,-0.777500,1.570017
742,2.004381,-0.783552,1.570428
743,2.004381,-0.789603,1.570839
744,2.004378,-0.795655,1.571250
745,2.004373,-0.801706,1.571661
746,2.004370,-0.807758,1.571250
747,2.004367,-0.813967,1.571250
748,2.004367,-0.820019,1.570839
749,2.004364,-0.826175,1.571250
750,2.004364,-0.832227,1.570839
751,2.004366,-0.838383,1.570428
752,2.004371,-0.844435,1.570017
753,2.004376,-0.850644,1.570017
754,2.004378,-0.856696,1.570428
755,2.004378,-0.862747,1.570839
756,2.004375,-0.868799,1.571250
757,2.004370,-0.874850,1.571661
758,2.004367,-0.880902,1.571250
759,2.004364,-0.887111,1.571250
760,2.004364,-0.893163,1.570839
761,2.004361,-0.899319,1.571250
762,2.004361,-0.905371,1.570839
763,2.004363,-0.911528,1.570428
764,2.004368,-0.917579,1.570017
765,2.004370,-0.923736,1.570428
766,2.004372,-0.929840,1.570428
767,2.004372,-0.935891,1.570839
768,2.004369,-0.941943,1.571250
769,2.004364,-0.947994,1.571661
770,2.004361,-0.954046,1.571250
771,2.004358,-0.960255,1.571250
772,2.004358,-0.966307,1.570839
773,2.004355,-0.972464,1.571250
774,2.004355,-0.978515,1.570839
775,2.004357,-0.984672,1.570428
776,2.004362,-0.990723,1.570017
777,2.004364,-0.996880,1.570428
778,2.004367,-1.002984,1.570428
779,2.004366,-1.009036,1.570839
780,2.004364,-1.015087,1.571250
781,2.004358,-1.021139,1.571661
782,2.004356,-1.027190,1.571250
783,2.004350,-1.033347,1.571661
784,2.004350,-1.039451,1.570839
785,2.004347,-1.045608,1.571250
786,2.004347,-1.051659,1.570839
787,2.004349,-1.057816,1.570428
788,2.004354,-1.063867,1.570017
789,2.004356,-1.070024,1.570428
790,2.004359,-1.076128,1.570428
791,2.004358,-1.082180,1.570839
792,2.004356,-1.088231,1.571250
793,2.004350,-1.094283,1.571661
794,2.004348,-1.100334,1.571250
795,2.004342,-1.106491,1.571661
796,2.004342,-1.112595,1.570839
797,2.004342,-1.118699,1.570839
798,2.004341,-1.124803,1.570839
799,2.004344,-1.130960,1.570428
800,2.004348,-1.137011,1.570017
801,2.004351,-1.143168,1.570428
802,2.004350,-1.149220,1.570839
803,2.004350,-1.155324,1.570839
804,2.004347,-1.161375,1.571250
805,2.004347,-1.167427,1.570839
806,2.004344,-1.173584,1.571250
807,2.004344,-1.179635,1.570839
808,2.004346,-1.185792,1.570428
809,2.004351,-1.191843,1.570017
810,2.004356,-1.198053,1.570017
811,2.004358,-1.204104,1.570428
812,2.004358,-1.210156,1.570839
813,2.004355,-1.216207,1.571250
814,2.004350,-1.222259,1.571661
815,2.004347,-1.228310,1.571250
816,2.004344,-1.234519,1.571250
817,2.004344,-1.240571,1.570839
818,2.004341,-1.246728,1.571250
819,2.004341,-1.252779,1.570839
820,2.004343,-1.258936,1.570428
821,2.004348,-1.264987,1.570017
822,2.004353,-1.271197,1.570017
823,2.004355,-1.277248,1.570428
824,2.004350,-1.289351,1.571250
825,2.004344,-1.295403,1.571661
826,2.004337,-1.301454,1.572073
827,2.004329,-1.307558,1.572073
828,2.004323,-1.313715,1.571661
829,2.004321,-1.319767,1.571250
830,2.004315,-1.325923,1.571661
831,2.004313,-1.331975,1.571250
832,2.004312,-1.338131,1.570839
833,2.004312,-1.344236,1.570839
834,2.004314,-1.350392,1.570428
835,2.004319,-1.356444,1.570017
836,2.004321,-1.362601,1.570428
837,2.004321,-1.368652,1.570839
838,2.004321,-1.374756,1.570839
839,2.004318,-1.380808,1.571250
840,2.004318,-1.386859,1.570839
841,2.004315,-1.393016,1.571250
842,2.004315,-1.399067,1.570839
843,2.004317,-1.405224,1.570428
844,2.004322,-1.411276,1.570017
845,2.004327,-1.417485,1.570017
846,2.004329,-1.423536,1.570428
847,2.004329,-1.429588,1.570839
848,2.004326,-1.435639,1.571250
849,2.004321,-1.441691,1.571661
850,2.004318,-1.447742,1.571250
851,2.004315,-1.453952,1.571250
852,2.004315,-1.460003,1.570839
853,2.004312,-1.466160,1.571250
854,2.004312,-1.472212,1.570839
855,2.004314,-1.478368,1.570428
856,2.004319,-1.484420,1.570017
857,2.004324,-1.490629,1.570017
858,2.004326,-1.496681,1.570428
859,2.004326,-1.502732,1.570839
860,2.004323,-1.508784,1.571250
861,2.004318,-1.514835,1.571661
862,2.004315,-1.520887,1.571250
863,2.004312,-1.527096,1.571250
864,2.004312,-1.533147,1.570839
865,2.004309,-1.539304,1.571250
866,2.004309,-1.545356,1.570839
867,2.004311,-1.551512,1.570428
868,2.004316,-1.557564,1.570017
869,2.004318,-1.563721,1.570428
870,2.004320,-1.569825,1.570428
871,2.004320,-1.575876,1.570839
872,2.004317,-1.581928,1.571250
873,2.004312,-1.587979,1.571661
874,2.004309,-1.594031,1.571250
875,2.004306,-1.600240,1.571250
876,2.004306,-1.606292,1.570839
877,2.004303,-1.612448,1.571250
878,2.004303,-1.618500,1.570839
879,2.004305,-1.624656,1.570428
880,2.004310,-1.630708,1.570017
881,2.004312,-1.636865,1.570428
882,2.004315,-1.642969,1.570428
883,2.004314,-1.649020,1.570839
884,2.004312,-1.655072,1.571250
885,2.004306,-1.661123,1.571661
886,2.004299,-1.667070,1.572073
887,2.004294,-1.673016,1.571661
888,2.004284,-1.678909,1.572484
889,2.004276,-1.684750,1.572073
890,2.004266,-1.690486,1.572484
891,2.004257,-1.696275,1.572484
892,2.004245,-1.701905,1.572895
893,2.004233,-1.707588,1.572895
894,2.004219,-1.713113,1.573306
895,2.004205,-1.718691,1.573306
896,2.004189,-1.724111,1.573717
897,2.004173,-1.729584,1.573717
898,2.004156,-1.734899,1.574128
899,2.004138,-1.740266,1.574128
900,2.004118,-1.745476,1.574539
901,2.004098,-1.750738,1.574539
902,2.004077,-1.755842,1.574950
903,2.004056,-1.760999,1.574950
904,2.004033,-1.765998,1.575361
905,2.004010,-1.771050,1.575361
906,2.003986,-1.775943,1.575773
907,2.003961,-1.780890,1.575773
908,2.003933,-1.785731,1.576595
909,2.003907,-1.790519,1.576184
910,2.003879,-1.795308,1.576595
911,2.003852,-1.800044,1.576595
912,2.003823,-1.804622,1.577006
913,2.003795,-1.809252,1.577006
914,2.003765,-1.813725,1.577417
915,2.003735,-1.818250,1.577417
916,2.003704,-1.822723,1.577828
917,2.003673,-1.827143,1.577828
918,2.003641,-1.831405,1.578239
919,2.003609,-1.835720,1.578239
920,2.003575,-1.839983,1.578650
921,2.003542,-1.844192,1.578650
922,2.003510,-1.848296,1.578650
923,2.003478,-1.852401,1.578650
924,2.003443,-1.856400,1.579473
925,2.003408,-1.860399,1.579473
926,2.003373,-1.864346,1.579884
927,2.003337,-1.868239,1.579884
928,2.003303,-1.872028,1.579884
929,2.003268,-1.875817,1.579884
930,2.003232,-1.879500,1.580706
931,2.003195,-1.883183,1.580706
932,2.003158,-1.886814,1.581117
933,2.003121,-1.890392,1.581117
934,2.003083,-1.893917,1.581528
935,2.003046,-1.897390,1.581528
936,2.003008,-1.900811,1.581939
937,2.002970,-1.904178,1.581939
938,2.002932,-1.907493,1.582350
939,2.002894,-1.910755,1.582350
940,2.002856,-1.913965,1.582761
941,2.002818,-1.917122,1.582761
942,2.002780,-1.920227,1.583172
943,2.002742,-1.923278,1.583172
944,2.002703,-1.926278,1.583584
945,2.002666,-1.929224,1.583584
946,2.002628,-1.932118,1.583995
947,2.002590,-1.934959,1.583995
948,2.002552,-1.937748,1.584406
949,2.002515,-1.940537,1.583995
950,2.002479,-1.943220,1.584406
951,2.002441,-1.945904,1.584817
952,2.002406,-1.948429,1.584817
953,2.002366,-1.951007,1.586050
954,2.002328,-1.953480,1.586461
955,2.002288,-1.955953,1.586872
956,2.002249,-1.958321,1.587284
957,2.002209,-1.960636,1.588106
958,2.002169,-1.962898,1.588517
959,2.002126,-1.965213,1.589339
960,2.002085,-1.967370,1.589750
961,2.002043,-1.969475,1.590572
962,2.002002,-1.971527,1.590984
963,2.001958,-1.973631,1.591806
964,2.001916,-1.975578,1.592217
965,2.001874,-1.977472,1.593039
966,2.001832,-1.979313,1.593450
967,2.001788,-1.981207,1.594272
968,2.001746,-1.982943,1.594683
969,2.001702,-1.984731,1.595506
970,2.001661,-1.986362,1.595917
971,2.001619,-1.987993,1.596328
972,2.001580,-1.989518,1.596739
973,2.001538,-1.991044,1.597972
974,2.001498,-1.992517,1.597972
975,2.001458,-1.993937,1.599206
976,2.001420,-1.995252,1.599617
977,2.001379,-1.996619,1.600439
978,2.001342,-1.997829,1.601672
979,2.001302,-1.999091,1.602495
980,2.001266,-2.000196,1.603728
981,2.001226,-2.001353,1.604550
982,2.001192,-2.002352,1.605783
983,2.001192,-2.002352,1.605783
984,2.001192,-2.002352,1.605783
985,2.001192,-2.002352,1.605783
986,2.001190,-2.002405,1.606194
987,2.001190,-2.002405,1.607017
988,2.001188,-2.002457,1.608250
989,2.001188,-2.002457,1.609894
990,2.001188,-2.002457,1.612361
991,2.001190,-2.002405,1.614417
992,2.001190,-2.002405,1.617705
993,2.001190,-2.002405,1.620994
994,2.001190,-2.002405,1.624283
995,2.001190,-2.002405,1.628394
996,2.001190,-2.002405,1.632505
997,2.001190,-2.002405,1.637439
998,2.001186,-2.002457,1.641961
999,2.001190,-2.002405,1.647305
1000,2.001190,-2.002405,1.653883
1001,2.001190,-2.002405,1.660461
1002,2.001190,-2.002405,1.667860
1003,2.001185,-2.002457,1.674849
1004,2.001191,-2.002405,1.682660
1005,2.001191,-2.002405,1.690882
1006,2.001191,-2.002405,1.699927
1007,2.001183,-2.002457,1.708560
1008,2.001191,-2.002405,1.718016
1009,2.001191,-2.002405,1.727882
1010,2.001191,-2.002405,1.738571
1011,2.001191,-2.002405,1.748437
1012,2.001191,-2.002405,1.759948
1013,2.001191,-2.002405,1.771459
1014,2.001191,-2.002405,1.782970
1015,2.001191,-2.002405,1.795304
1016,2.001191,-2.002405,1.808459
1017,2.001191,-2.002405,1.820792
1018,2.001191,-2.002405,1.834770
1019,2.001177,-2.002455,1.848336
1020,2.001192,-2.002405,1.862725
1021,2.001176,-2.002455,1.877114
1022,2.001193,-2.002405,1.892325
1023,2.001193,-2.002405,1.907947
1024,2.001193,-2.002405,1.923569
1025,2.001193,-2.002405,1.940013
1026,2.001193,-2.002405,1.956458
1027,2.001193,-2.002405,1.973724
1028,2.001193,-2.002405,1.990990
1029,2.001193,-2.002405,2.009079
1030,2.001193,-2.002405,2.027168
1031,2.001169,-2.002452,2.045668
1032,2.001194,-2.002406,2.064990
1033,2.001194,-2.002406,2.083901
1034,2.001194,-2.002406,2.104456
1035,2.001194,-2.002406,2.124189
1036,2.001165,-2.002450,2.145156
1037,2.001194,-2.002406,2.166122
1038,2.001194,-2.002406,2.187500
1039,2.001194,-2.002406,2.209699
1040,2.001194,-2.002406,2.231899
1041,2.001194,-2.002406,2.254099
1042,2.001194,-2.002406,2.277943
1043,2.001194,-2.002406,2.300965
1044,2.001194,-2.002406,2.324809
1045,2.001158,-2.002444,2.348242
1046,2.001195,-2.002407,2.371675
1047,2.001195,-2.002407,2.394697
1048,2.001156,-2.002442,2.418130
1049,2.001196,-2.002408,2.441564
1050,2.001196,-2.002408,2.464586
1051,2.001196,-2.002408,2.487608
1052,2.001196,-2.002408,2.511452
1053,2.001196,-2.002408,2.534474
1054,2.001196,-2.002408,2.557496
1055,2.001196,-2.002408,2.580518
1056,2.001196,-2.002408,2.602717
1057,2.001196,-2.002408,2.624095
1058,2.001196,-2.002408,2.646295
1059,2.001196,-2.002408,2.666850
1060,2.001196,-2.002408,2.687405
1061,2.001196,-2.002408,2.707961
1062,2.001196,-2.002408,2.727694
1063,2.001196,-2.002408,2.747427
1064,2.001196,-2.002408,2.766338
1065,2.001147,-2.002427,2.784838
1066,2.001196,-2.002409,2.803338
1067,2.001147,-2.002426,2.821015
1068,2.001197,-2.002410,2.838693
1069,2.001197,-2.002410,2.855137
1070,2.001197,-2.002410,2.872404
1071,2.001146,-2.002423,2.888437
1072,2.001197,-2.002411,2.904470
1073,2.001146,-2.002422,2.919681
1074,2.001197,-2.002412,2.934892
1075,2.001197,-2.002412,2.949692
1076,2.001197,-2.002412,2.963669
1077,2.001197,-2.002412,2.977647
1078,2.001197,-2.002412,2.990802
1079,2.001197,-2.002412,3.003958
1080,2.001197,-2.002412,3.017113
1081,2.001197,-2.002412,3.028624
1082,2.001197,-2.002412,3.040957
1083,2.001145,-2.002416,3.052057
1084,2.001197,-2.002412,3.063157
1085,2.001197,-2.002412,3.073846
1086,2.001145,-2.002415,3.084124
1087,2.001197,-2.002413,3.093579
1088,2.001197,-2.002413,3.103446
1089,2.001197,-2.002413,3.112490
1090,2.001145,-2.002414,3.121123
1091,2.001197,-2.002413,3.128934
1092,2.001197,-2.002413,3.137156
1093,2.001197,-2.002413,3.144556
1094,2.001145,-2.002413,3.151545
1095,2.001197,-2.002413,3.157712
1096,2.001197,-2.002413,3.164289
1097,2.001197,-2.002413,3.170045
1098,2.001197,-2.002413,3.175800
1099,2.001197,-2.002413,3.180734
1100,2.001145,-2.002411,3.185256
1101,2.001145,-2.002411,3.189367
1102,2.001145,-2.002411,3.189367
1103,2.001145,-2.002411,3.189367
1104,2.001145,-2.002411,3.189367
1105,2.001145,-2.002411,3.189367
1106,2.001145,-2.002411,3.189367
1107,2.000987,-2.002404,3.188956
1108,2.000829,-2.002396,3.188545
1109,2.000619,-2.002386,3.188545
1110,2.000304,-2.002371,3.188545
1111,2.000041,-2.002359,3.188134
1112,1.999620,-2.002340,3.188134
1113,1.999147,-2.002318,3.187723
1114,1.998674,-2.002296,3.187311
1115,1.998148,-2.002273,3.186489
1116,1.997518,-2.002245,3.185667
1117,1.996939,-2.002219,3.185256
1118,1.996203,-2.002188,3.184434
1119,1.995520,-2.002159,3.184023
1120,1.994679,-2.002124,3.183200
1121,1.993837,-2.002089,3.183200
1122,1.992944,-2.002053,3.181967
1123,1.991997,-2.002015,3.181967
1124,1.990998,-2.001975,3.180734
1125,1.989946,-2.001935,3.179911
1126,1.988842,-2.001894,3.178678
1127,1.987685,-2.001852,3.177856
1128,1.986476,-2.001810,3.176623
1129,1.985213,-2.001767,3.175800
1130,1.983899,-2.001723,3.174567
1131,1.982531,-2.001679,3.173745
1132,1.981164,-2.001636,3.172923
1133,1.979638,-2.001590,3.171689
1134,1.978166,-2.001547,3.170867
1135,1.976640,-2.001505,3.169634
1136,1.974957,-2.001459,3.168812
1137,1.973326,-2.001416,3.167578
1138,1.971538,-2.001371,3.166756
1139,1.969802,-2.001330,3.165523
1140,1.967960,-2.001286,3.165112
1141,1.966119,-2.001245,3.163878
1142,1.964172,-2.001206,3.161823
1143,1.962226,-2.001169,3.160589
1144,1.960174,-2.001133,3.159356
1145,1.958122,-2.001099,3.158123
1146,1.955965,-2.001067,3.156067
1147,1.953755,-2.001037,3.155245
1148,1.951545,-2.001011,3.153601
1149,1.949282,-2.000986,3.152367
1150,1.946914,-2.000964,3.151134
1151,1.944546,-2.000944,3.149901
1152,1.942073,-2.000929,3.147845
1153,1.939600,-2.000916,3.146612
1154,1.937074,-2.000908,3.144967
1155,1.934496,-2.000902,3.143734
1156,1.931812,-2.000900,3.142501
1157,1.929128,-2.000901,3.141267
1158,1.926392,-2.000906,3.139623
1159,1.923603,-2.000915,3.138390
1160,1.920762,-2.000929,3.136745
1161,1.917867,-2.000946,3.135512
1162,1.914868,-2.000968,3.134279
1163,1.911921,-2.000995,3.132634
1164,1.908817,-2.001026,3.131401
1165,1.905712,-2.001062,3.130168
1166,1.902555,-2.001103,3.128523
1167,1.899346,-2.001149,3.127290
1168,1.896084,-2.001201,3.125645
1169,1.892769,-2.001258,3.124412
1170,1.889402,-2.001321,3.122768
1171,1.885982,-2.001390,3.121534
1172,1.882510,-2.001465,3.119890
1173,1.878985,-2.001546,3.118657
1174,1.875408,-2.001634,3.117012
1175,1.871831,-2.001725,3.116190
1176,1.868149,-2.001825,3.114546
1177,1.864467,-2.001930,3.112901
1178,1.860627,-2.002045,3.111668
1179,1.856840,-2.002165,3.110023
1180,1.852948,-2.002291,3.109201
1181,1.849056,-2.002420,3.108379
1182,1.845059,-2.002556,3.107557
1183,1.841010,-2.002699,3.106323
1184,1.836908,-2.002847,3.105501
1185,1.832859,-2.002998,3.104268
1186,1.828652,-2.003159,3.103446
1187,1.824393,-2.003327,3.102212
1188,1.820082,-2.003500,3.101390
1189,1.815771,-2.003677,3.100568
1190,1.811354,-2.003862,3.099746
1191,1.806938,-2.004054,3.098101
1192,1.802417,-2.004255,3.097279
1193,1.797949,-2.004455,3.096868
1194,1.793323,-2.004666,3.096046
1195,1.788697,-2.004876,3.096046
1196,1.783966,-2.005096,3.095223
1197,1.779235,-2.005319,3.094401
1198,1.774452,-2.005547,3.093990
1199,1.769617,-2.005782,3.093168
1200,1.764676,-2.006025,3.092346
1201,1.759736,-2.006269,3.092346
1202,1.754690,-2.006521,3.091524
1203,1.749698,-2.006774,3.091112
1204,1.744547,-2.007034,3.091112
1205,1.739450,-2.007293,3.090701
1206,1.734194,-2.007561,3.090701
1207,1.728992,-2.007828,3.090290
1208,1.723631,-2.008104,3.090290
1209,1.718324,-2.008378,3.089879
1210,1.712858,-2.008661,3.089879
1211,1.707446,-2.008944,3.089468
1212,1.701875,-2.009234,3.089468
1213,1.696358,-2.009524,3.089057
1214,1.690682,-2.009823,3.089057
1215,1.685060,-2.010116,3.089468
1216,1.679279,-2.010418,3.089468
1217,1.673551,-2.010714,3.089879
1218,1.667770,-2.011013,3.089879
1219,1.661884,-2.011318,3.089879
1220,1.655946,-2.011623,3.090290
1221,1.650008,-2.011925,3.090701
1222,1.643911,-2.012236,3.090701
1223,1.637868,-2.012541,3.091112
1224,1.631822,-2.012819,3.095635
1225,1.625776,-2.013070,3.100157
1226,1.619676,-2.013298,3.104268
1227,1.613628,-2.013501,3.107968
1228,1.607579,-2.013682,3.111668
1229,1.601530,-2.013846,3.114546
1230,1.595480,-2.013992,3.117423
1231,1.589378,-2.014130,3.119068
1232,1.583328,-2.014254,3.121123
1233,1.577277,-2.014365,3.123179
1234,1.571226,-2.014464,3.125234
1235,1.565176,-2.014550,3.127290
1236,1.559125,-2.014630,3.128523
1237,1.553074,-2.014701,3.129756
1238,1.546970,-2.014768,3.130579
1239,1.540919,-2.014828,3.131812
1240,1.534867,-2.014879,3.133045
1241,1.528816,-2.014924,3.134279
1242,1.522765,-2.014965,3.134690
1243,1.516713,-2.015005,3.135101
1244,1.510662,-2.015041,3.135512
1245,1.504610,-2.015076,3.135923
1246,1.498506,-2.015105,3.136745
1247,1.492402,-2.015135,3.136745
1248,1.486351,-2.015162,3.137156
1249,1.480300,-2.015186,3.137567
1250,1.474248,-2.015208,3.137979
1251,1.468197,-2.015227,3.138390
1252,1.462145,-2.015244,3.138801
1253,1.456094,-2.015259,3.139212
1254,1.450042,-2.015271,3.139623
1255,1.443991,-2.015280,3.140034
1256,1.437939,-2.015287,3.140445
1257,1.431835,-2.015294,3.140445
1258,1.425784,-2.015298,3.140856
1259,1.419679,-2.015298,3.141679
1260,1.413628,-2.015295,3.142090
1261,1.407577,-2.015289,3.142501
1262,1.401525,-2.015286,3.142090
1263,1.395368,-2.015286,3.141679
1264,1.389317,-2.015288,3.141267
1265,1.383160,-2.015287,3.141679
1266,1.377109,-2.015289,3.141267
1267,1.370899,-2.015291,3.141267
1268,1.364848,-2.015296,3.140856
1269,1.358691,-2.015303,3.140445
1270,1.352639,-2.015307,3.140856
1271,1.346535,-2.015307,3.141679
1272,1.340484,-2.015304,3.142090
1273,1.334432,-2.015298,3.142501
1274,1.328381,-2.015295,3.142090
1275,1.322224,-2.015295,3.141679
1276,1.316173,-2.015297,3.141267
1277,1.310016,-2.015296,3.141679
1278,1.303964,-2.015298,3.141267
1279,1.297755,-2.015300,3.141267
1280,1.291704,-2.015305,3.140856
1281,1.285599,-2.015309,3.140856
1282,1.279495,-2.015314,3.140856
1283,1.273444,-2.015316,3.141267
1284,1.267340,-2.015313,3.142090
1285,1.261288,-2.015307,3.142501
1286,1.255237,-2.015299,3.142912
1287,1.249185,-2.015294,3.142501
1288,1.243029,-2.015290,3.142090
1289,1.236977,-2.015290,3.141679
1290,1.230820,-2.015287,3.142090
1291,1.224769,-2.015286,3.141679
1292,1.218559,-2.015286,3.141679
1293,1.212508,-2.015288,3.141267
1294,1.206351,-2.015292,3.140856
1295,1.200300,-2.015299,3.140445
1296,1.194143,-2.015304,3.140856
1297,1.188092,-2.015306,3.141267
1298,1.182040,-2.015305,3.141679
1299,1.175936,-2.015305,3.141679
1300,1.169884,-2.015302,3.142090
1301,1.163833,-2.015301,3.141679
1302,1.157676,-2.015298,3.142090
1303,1.151625,-2.015298,3.141679
1304,1.145415,-2.015297,3.141679
1305,1.139364,-2.015299,3.141267
1306,1.133207,-2.015304,3.140856
1307,1.127156,-2.015311,3.140445
1308,1.120999,-2.015315,3.140856
1309,1.114947,-2.015317,3.141267
1310,1.108896,-2.015317,3.141679
1311,1.102844,-2.015314,3.142090
1312,1.096740,-2.015311,3.142090
1313,1.090689,-2.015310,3.141679
1314,1.084532,-2.015307,3.142090
1315,1.078481,-2.015306,3.141679
1316,1.072271,-2.015306,3.141679
1317,1.066220,-2.015308,3.141267
1318,1.060063,-2.015312,3.140856
1319,1.054012,-2.015319,3.140445
1320,1.047855,-2.015324,3.140856
1321,1.041803,-2.015326,3.141267
1322,1.035752,-2.015325,3.141679
1323,1.029700,-2.015322,3.142090
1324,1.023596,-2.015319,3.142090
1325,1.017545,-2.015319,3.141679
1326,1.011388,-2.015316,3.142090
1327,1.005336,-2.015315,3.141679
1328,0.999127,-2.015315,3.141679
1329,0.993076,-2.015317,3.141267
1330,0.986972,-2.015319,3.141267
1331,0.980867,-2.015326,3.140445
1332,0.974711,-2.015330,3.140856
1333,0.968659,-2.015332,3.141267
1334,0.962608,-2.015332,3.141679
1335,0.956556,-2.015329,3.142090
1336,0.950452,-2.015326,3.142090
1337,0.944401,-2.015325,3.141679
1338,0.938244,-2.015322,3.142090
1339,0.932192,-2.015321,3.141679
1340,0.925983,-2.015321,3.141679
1341,0.919932,-2.015323,3.141267
1342,0.913827,-2.015325,3.141267
1343,0.907723,-2.015332,3.140445
1344,0.901567,-2.015336,3.140856
1345,0.895515,-2.015338,3.141267
1346,0.889464,-2.015338,3.141679
1347,0.883412,-2.015335,3.142090
1348,0.877308,-2.015332,3.142090
1349,0.871256,-2.015331,3.141679
1350,0.865100,-2.015328,3.142090
1351,0.859048,-2.015328,3.141679
1352,0.852839,-2.015327,3.141679
1353,0.846787,-2.015329,3.141267
1354,0.840683,-2.015331,3.141267
1355,0.834579,-2.015338,3.140445
1356,0.828422,-2.015343,3.140856
1357,0.822371,-2.015345,3.141267
1358,0.816319,-2.015344,3.141679
1359,0.810268,-2.015341,3.142090
1360,0.804216,-2.015336,3.142501
1361,0.798112,-2.015335,3.141679
1362,0.791956,-2.015332,3.142090
1363,0.785904,-2.015331,3.141679
1364,0.779695,-2.015331,3.141679
1365,0.773643,-2.015333,3.141267
1366,0.767539,-2.015335,3.141267
1367,0.761488,-2.015339,3.140856
1368,0.755278,-2.015344,3.140856
1369,0.749227,-2.015346,3.141267
1370,0.743175,-2.015345,3.141679
1371,0.737124,-2.015342,3.142090
1372,0.731072,-2.015337,3.142501
1373,0.724968,-2.015336,3.141679
1374,0.718811,-2.015333,3.142090
1375,0.712760,-2.015333,3.141679
1376,0.706551,-2.015332,3.141679
1377,0.700499,-2.015334,3.141267
1378,0.694395,-2.015336,3.141267
1379,0.688344,-2.015341,3.140856
1380,0.682134,-2.015345,3.140856
1381,0.676083,-2.015347,3.141267
1382,0.670031,-2.015347,3.141679
1383,0.663980,-2.015344,3.142090
1384,0.657928,-2.015338,3.142501
1385,0.651824,-2.015338,3.141679
1386,0.645667,-2.015335,3.142090
1387,0.639616,-2.015334,3.141679
1388,0.633459,-2.015336,3.141267
1389,0.627355,-2.015338,3.141267
1390,0.621251,-2.015340,3.141267
1391,0.615199,-2.015340,3.141679
1392,0.609095,-2.015339,3.141679
1393,0.603044,-2.015336,3.142090
1394,0.596992,-2.015335,3.141679
1395,0.590836,-2.015332,3.142090
1396,0.584784,-2.015332,3.141679
1397,0.578575,-2.015331,3.141679
1398,0.572523,-2.015333,3.141267
1399,0.566366,-2.015338,3.140856
1400,0.560315,-2.015345,3.140445
1401,0.554158,-2.015349,3.140856
1402,0.548107,-2.015351,3.141267
1403,0.542055,-2.015351,3.141679
1404,0.535951,-2.015350,3.141679
1405,0.529900,-2.015347,3.142090
1406,0.523848,-2.015347,3.141679
1407,0.517691,-2.015344,3.142090
1408,0.511640,-2.015343,3.141679
1409,0.505431,-2.015343,3.141679
1410,0.499379,-2.015345,3.141267
1411,0.493222,-2.015349,3.140856
1412,0.487171,-2.015356,3.140445
1413,0.481014,-2.015361,3.140856
1414,0.474963,-2.015363,3.141267
1415,0.468911,-2.015362,3.141679
1416,0.462807,-2.015362,3.141679
1417,0.456756,-2.015359,3.142090
1418,0.450704,-2.015358,3.141679
1419,0.444547,-2.015355,3.142090
1420,0.438496,-2.015354,3.141679
1421,0.432286,-2.015354,3.141679
1422,0.426235,-2.015356,3.141267
1423,0.420078,-2.015360,3.140856
1424,0.414027,-2.015367,3.140445
1425,0.407870,-2.015372,3.140856
1426,0.401819,-2.015374,3.141267
1427,0.395767,-2.015373,3.141679
1428,0.389716,-2.015370,3.142090
1429,0.383611,-2.015367,3.142090
1430,0.377560,-2.015367,3.141679
1431,0.371403,-2.015364,3.142090
1432,0.365352,-2.015363,3.141679
1433,0.359142,-2.015363,3.141679
1434,0.353091,-2.015365,3.141267
1435,0.346934,-2.015369,3.140856
1436,0.340883,-2.015376,3.140445
1437,0.334831,-2.015381,3.140856
1438,0.328885,-2.015387,3.140445
1439,0.322886,-2.015394,3.140445
1440,0.317045,-2.015403,3.140034
1441,0.311151,-2.015413,3.140034
1442,0.305416,-2.015424,3.139623
1443,0.299733,-2.015435,3.139623
1444,0.293997,-2.015449,3.139212
1445,0.288419,-2.015462,3.139212
1446,0.282841,-2.015480,3.138390
1447,0.277316,-2.015495,3.138801
1448,0.271896,-2.015513,3.138390
1449,0.266423,-2.015530,3.138390
1450,0.261108,-2.015549,3.137979
1451,0.255741,-2.015569,3.137979
1452,0.250532,-2.015590,3.137567
1453,0.245269,-2.015611,3.137567
1454,0.240060,-2.015634,3.137156
1455,0.235008,-2.015656,3.137156
1456,0.229904,-2.015681,3.136745
1457,0.224905,-2.015703,3.137156
1458,0.219959,-2.015729,3.136334
1459,0.215012,-2.015755,3.136334
1460,0.210224,-2.015782,3.135923
1461,0.205383,-2.015810,3.135923
1462,0.200699,-2.015838,3.135512
1463,0.195964,-2.015867,3.135512
1464,0.191280,-2.015898,3.135101
1465,0.186650,-2.015928,3.135101
1466,0.182177,-2.015959,3.134690
1467,0.177652,-2.015990,3.134690
1468,0.173232,-2.016020,3.134690
1469,0.168811,-2.016051,3.134690
1470,0.164497,-2.016084,3.133868
1471,0.160182,-2.016117,3.133868
1472,0.155972,-2.016150,3.133868
1473,0.151762,-2.016183,3.133868
1474,0.147658,-2.016218,3.133045
1475,0.143554,-2.016253,3.133045
1476,0.139555,-2.016287,3.133045
1477,0.135503,-2.016323,3.132634
1478,0.131662,-2.016359,3.132223
1479,0.127715,-2.016395,3.132634
1480,0.123927,-2.016432,3.131812
1481,0.120138,-2.016469,3.131812
1482,0.116402,-2.016507,3.131401
1483,0.112719,-2.016544,3.131401
1484,0.109141,-2.016581,3.131401
1485,0.105510,-2.016619,3.130990
1486,0.102037,-2.016656,3.130990
1487,0.098564,-2.016693,3.130990
1488,0.095144,-2.016731,3.130579
1489,0.091777,-2.016768,3.130579
1490,0.088514,-2.016806,3.129756
1491,0.085199,-2.016844,3.130168
1492,0.082042,-2.016883,3.129345
1493,0.078833,-2.016921,3.129756
1494,0.075728,-2.016959,3.129345
1495,0.072676,-2.016996,3.129345
1496,0.069677,-2.017034,3.128934
1497,0.066731,-2.017071,3.128934
1498,0.063837,-2.017109,3.128523
1499,0.060943,-2.017148,3.128112
1500,0.058207,-2.017185,3.128112
1501,0.055418,-2.017224,3.127701
1502,0.052735,-2.017262,3.127290
1503,0.050051,-2.017302,3.126879
1504,0.047473,-2.017341,3.126468
1505,0.044947,-2.017381,3.125645
1506,0.042475,-2.017422,3.125234
1507,0.040002,-2.017465,3.124001
1508,0.037687,-2.017506,3.124001
1509,0.035266,-2.017550,3.123179
1510,0.033004,-2.017593,3.122768
1511,0.030794,-2.017636,3.121945
1512,0.028637,-2.017680,3.121534
1513,0.026428,-2.017726,3.120712
1514,0.024376,-2.017769,3.120301
1515,0.022377,-2.017814,3.119479
1516,0.020430,-2.017858,3.119068
1517,0.018431,-2.017904,3.118245
1518,0.016590,-2.017948,3.117834
1519,0.014749,-2.017992,3.117423
1520,0.012960,-2.018037,3.116601
1521,0.011277,-2.018081,3.115779
1522,0.009594,-2.018124,3.115779
1523,0.007963,-2.018168,3.114546
1524,0.006437,-2.018210,3.114134
1525,0.004859,-2.018255,3.113312
1526,0.003439,-2.018295,3.112901
1527,0.002019,-2.018337,3.112490
1528,0.000704,-2.018377,3.111257
1529,-0.000663,-2.018419,3.110434
1530,-0.001873,-2.018459,3.109201
1531,-0.001873,-2.018459,3.109201
1532,-0.001873,-2.018459,3.109201
1533,-0.001873,-2.018459,3.109201
1534,-0.001926,-2.018460,3.109612
1535,-0.001926,-2.018460,3.110434
1536,-0.001926,-2.018460,3.112079
1537,-0.001926,-2.018460,3.113723
1538,-0.001978,-2.018462,3.115779
1539,-0.001978,-2.018462,3.118245
1540,-0.001978,-2.018462,3.121534
1541,-0.001978,-2.018462,3.124823
1542,-0.001926,-2.018461,3.127701
1543,-0.001926,-2.018461,3.131812
1544,-0.001926,-2.018461,3.135923
1545,-0.001926,-2.018461,3.140856
1546,-0.001926,-2.018461,3.145790
1547,-0.001978,-2.018460,3.151134
1548,-0.001978,-2.018460,3.157712
1549,-0.001926,-2.018462,3.163878
1550,-0.001926,-2.018462,3.171278
1551,-0.001926,-2.018462,3.178678
1552,-0.001978,-2.018459,3.186489
1553,-0.001926,-2.018462,3.194300
1554,-0.001926,-2.018462,3.203345
1555,-0.001926,-2.018462,3.212389
1556,-0.001978,-2.018458,3.221844
1557,-0.001926,-2.018462,3.231300
1558,-0.001926,-2.018462,3.241989
1559,-0.001978,-2.018457,3.252266
1560,-0.001926,-2.018463,3.263366
1561,-0.001926,-2.018463,3.274877
1562,-0.001978,-2.018455,3.286799
1563,-0.001926,-2.018464,3.298721
1564,-0.001926,-2.018464,3.311877
1565,-0.001978,-2.018454,3.324621
1566,-0.001926,-2.018464,3.338188
1567,-0.001977,-2.018453,3.351754
1568,-0.001926,-2.018465,3.366143
1569,-0.001926,-2.018465,3.380943
1570,-0.001926,-2.018465,3.395743
1571,-0.001926,-2.018465,3.411365
1572,-0.001977,-2.018450,3.427398
1573,-0.001926,-2.018466,3.443431
1574,-0.001976,-2.018449,3.460286
1575,-0.001927,-2.018467,3.477142
1576,-0.001976,-2.018449,3.494819
1577,-0.001927,-2.018468,3.512497
1578,-0.001927,-2.018468,3.530586
1579,-0.001927,-2.018468,3.549497
1580,-0.001927,-2.018468,3.568407
1581,-0.001974,-2.018445,3.587729
1582,-0.001927,-2.018469,3.607874
1583,-0.001974,-2.018444,3.628018
1584,-0.001928,-2.018470,3.648984
1585,-0.001928,-2.018470,3.669540
1586,-0.001973,-2.018442,3.691328
1587,-0.001929,-2.018471,3.713117
1588,-0.001929,-2.018471,3.735317
1589,-0.001972,-2.018440,3.757928
1590,-0.001929,-2.018471,3.781361
1591,-0.001929,-2.018471,3.804383
1592,-0.001970,-2.018438,3.828638
1593,-0.001930,-2.018472,3.852071
1594,-0.001930,-2.018472,3.875093
1595,-0.001968,-2.018436,3.898526
1596,-0.001968,-2.018436,3.921548
1597,-0.001932,-2.018474,3.944981
1598,-0.001932,-2.018474,3.968003
1599,-0.001967,-2.018435,3.991436
1600,-0.001933,-2.018475,4.014870
1601,-0.001933,-2.018475,4.037891
1602,-0.001965,-2.018433,4.061325
1603,-0.001934,-2.018476,4.083935
1604,-0.001934,-2.018476,4.106135
1605,-0.001963,-2.018432,4.127924
1606,-0.001935,-2.018476,4.149713
1607,-0.001935,-2.018476,4.170268
1608,-0.001961,-2.018431,4.191234
1609,-0.001936,-2.018477,4.211379
1610,-0.001960,-2.018430,4.231523
1611,-0.001937,-2.018477,4.250845
1612,-0.001937,-2.018477,4.269756
1613,-0.001937,-2.018477,4.288667
1614,-0.001937,-2.018477,4.306755
1615,-0.001956,-2.018429,4.324433
1616,-0.001937,-2.018478,4.342111
1617,-0.001956,-2.018428,4.358966
1618,-0.001938,-2.018478,4.375821
1619,-0.001955,-2.018428,4.391854
1620,-0.001939,-2.018478,4.407888
1621,-0.001954,-2.018428,4.423099
1622,-0.001940,-2.018478,4.438310
1623,-0.001940,-2.018478,4.453109
1624,-0.001953,-2.018427,4.467498
1625,-0.001940,-2.018479,4.481065
1626,-0.001952,-2.018427,4.494631
1627,-0.001941,-2.018479,4.507376
1628,-0.001941,-2.018479,4.520531
1629,-0.001951,-2.018427,4.532453
1630,-0.001942,-2.018479,4.544375
1631,-0.001942,-2.018479,4.555886
1632,-0.001949,-2.018427,4.566986
1633,-0.001942,-2.018479,4.577264
1634,-0.001942,-2.018479,4.587952
1635,-0.001948,-2.018427,4.597408
1636,-0.001943,-2.018479,4.606863
1637,-0.001943,-2.018479,4.615908
1638,-0.001947,-2.018427,4.624541
1639,-0.001947,-2.018427,4.632763
1640,-0.001944,-2.018479,4.640574
1641,-0.001944,-2.018479,4.647974
1642,-0.001944,-2.018479,4.655374
1643,-0.001946,-2.018426,4.661541
1644,-0.001946,-2.018426,4.668118
1645,-0.001944,-2.018479,4.673463
1646,-0.001944,-2.018479,4.679218
1647,-0.001944,-2.018479,4.684151
1648,-0.001944,-2.018479,4.689085
1649,-0.001945,-2.018426,4.692785
1650,-0.001945,-2.018426,4.692785
1651,-0.001945,-2.018426,4.692785
1652,-0.001945,-2.018426,4.692785
1653,-0.001944,-2.018479,4.693196
1654,-0.001945,-2.018426,4.693607
1655,-0.001948,-2.018269,4.694018
1656,-0.001951,-2.018111,4.694429
1657,-0.001955,-2.017900,4.694429
1658,-0.001960,-2.017585,4.694429
1659,-0.001966,-2.017269,4.695251
1660,-0.001972,-2.016901,4.694840
1661,-0.001980,-2.016427,4.695251
1662,-0.001989,-2.015901,4.695251
1663,-0.001997,-2.015427,4.695662
1664,-0.002008,-2.014796,4.695662
1665,-0.002017,-2.014217,4.696074
1666,-0.002029,-2.013481,4.696074
1667,-0.002040,-2.012797,4.696485
1668,-0.002054,-2.011955,4.696485
1669,-0.002066,-2.011113,4.697307
1670,-0.002080,-2.010219,4.696896
1671,-0.002095,-2.009219,4.697307
1672,-0.002110,-2.008272,4.697307
1673,-0.002126,-2.007167,4.697718
1674,-0.002141,-2.006115,4.697718
1675,-0.002159,-2.004904,4.698129
1676,-0.002175,-2.003747,4.698129
1677,-0.002192,-2.002537,4.698540
1678,-0.002211,-2.001169,4.698540
1679,-0.002228,-1.999853,4.698951
1680,-0.002248,-1.998380,4.698951
1681,-0.002267,-1.996959,4.699362
1682,-0.002286,-1.995381,4.700185
1683,-0.002304,-1.993855,4.700596
1684,-0.002323,-1.992224,4.701007
1685,-0.002340,-1.990540,4.701829
1686,-0.002357,-1.988856,4.702651
1687,-0.002374,-1.987067,4.702651
1688,-0.002390,-1.985225,4.703885
1689,-0.002405,-1.983384,4.704296
1690,-0.002420,-1.981437,4.704707
1691,-0.002434,-1.979490,4.705118
1692,-0.002446,-1.977437,4.706351
1693,-0.002458,-1.975385,4.706762
1694,-0.002469,-1.973228,4.707173
1695,-0.002479,-1.971070,4.707585
1696,-0.002487,-1.968808,4.708818
1697,-0.002495,-1.966545,4.709229
1698,-0.002501,-1.964177,4.709640
1699,-0.002507,-1.961809,4.710051
1700,-0.002509,-1.959336,4.711285
1701,-0.002512,-1.956915,4.711285
1702,-0.002513,-1.954284,4.712107
1703,-0.002512,-1.951706,4.712518
1704,-0.002510,-1.949075,4.713340
1705,-0.002506,-1.946391,4.713751
1706,-0.002500,-1.943654,4.714573
1707,-0.002493,-1.940866,4.714984
1708,-0.002483,-1.938024,4.715807
1709,-0.002472,-1.935130,4.716218
1710,-0.002458,-1.932078,4.717040
1711,-0.002443,-1.929184,4.717451
1712,-0.002425,-1.926026,4.718273
1713,-0.002407,-1.922974,4.718273
1714,-0.002384,-1.919765,4.719507
1715,-0.002362,-1.916607,4.719507
1716,-0.002334,-1.913292,4.720740
1717,-0.002307,-1.910030,4.720740
1718,-0.002276,-1.906662,4.721562
1719,-0.002243,-1.903242,4.721973
1720,-0.002207,-1.899769,4.722796
1721,-0.002168,-1.896296,4.723618
1722,-0.002126,-1.892666,4.724029
1723,-0.002081,-1.889088,4.724851
1724,-0.002033,-1.885352,4.725262
1725,-0.001982,-1.881669,4.726084
1726,-0.001927,-1.877880,4.726907
1727,-0.001872,-1.874092,4.726907
1728,-0.001813,-1.870198,4.727729
1729,-0.001751,-1.866252,4.728140
1730,-0.001688,-1.862253,4.728140
1731,-0.001624,-1.858307,4.728551
1732,-0.001555,-1.854151,4.728962
1733,-0.001487,-1.850047,4.728962
1734,-0.001417,-1.845838,4.728962
1735,-0.001344,-1.841629,4.729784
1736,-0.001269,-1.837314,4.729784
1737,-0.001194,-1.833000,4.729784
1738,-0.001117,-1.828580,4.729784
1739,-0.001039,-1.824214,4.730195
1740,-0.000959,-1.819689,4.730195
1741,-0.000875,-1.815111,4.730607
1742,-0.000791,-1.810482,4.730607
1743,-0.000706,-1.805904,4.731018
1744,-0.000617,-1.801169,4.731018
1745,-0.000525,-1.796434,4.731840
1746,-0.000434,-1.791646,4.731429
1747,-0.000339,-1.786753,4.731840
1748,-0.000243,-1.781808,4.731840
1749,-0.000145,-1.776915,4.732251
1750,-0.000045,-1.771864,4.732251
1751,0.000056,-1.766866,4.732662
1752,0.000161,-1.761711,4.732662
1753,0.000266,-1.756607,4.733073
1754,0.000375,-1.751346,4.733073
1755,0.000485,-1.746138,4.733484
1756,0.000598,-1.740772,4.733484
1757,0.000708,-1.735458,4.733073
1758,0.000821,-1.729987,4.733073
1759,0.000931,-1.724568,4.732662
1760,0.001044,-1.718991,4.732662
1761,0.001154,-1.713467,4.732251
1762,0.001267,-1.707785,4.732251
1763,0.001376,-1.702155,4.731840
1764,0.001489,-1.696368,4.731840
1765,0.001598,-1.690633,4.731429
1766,0.001712,-1.684793,4.731840
1767,0.001822,-1.678901,4.731018
1768,0.001931,-1.673008,4.731018
1769,0.002040,-1.667063,4.730607
1770,0.002151,-1.660960,4.730607
1771,0.002259,-1.654909,4.730195
1772,0.002369,-1.648701,4.730195
1773,0.002470,-1.642650,4.728962
1774,0.002561,-1.636547,4.727318
1775,0.002645,-1.630391,4.726084
1776,0.002721,-1.624076,4.724440
1777,0.002789,-1.617815,4.723207
1778,0.002847,-1.611764,4.721973
1779,0.002903,-1.605607,4.721562
1780,0.002952,-1.599451,4.720329
1781,0.002997,-1.593136,4.719507
1782,0.003038,-1.587085,4.719096
1783,0.003074,-1.580981,4.718273
1784,0.003107,-1.574824,4.717862
1785,0.003136,-1.568720,4.717040
1786,0.003162,-1.562563,4.716629
1787,0.003185,-1.556407,4.716218
1788,0.003206,-1.550355,4.715807
1789,0.003227,-1.544146,4.715807
1790,0.003245,-1.538094,4.715396
1791,0.003264,-1.531990,4.715396
1792,0.003282,-1.525886,4.715396
1793,0.003298,-1.519730,4.714984
1794,0.003311,-1.513678,4.714573
1795,0.003325,-1.507469,4.714573
1796,0.003336,-1.501417,4.714162
1797,0.003347,-1.495313,4.714162
1798,0.003357,-1.489209,4.714162
1799,0.003366,-1.483052,4.713751
1800,0.003371,-1.477001,4.713340
1801,0.003377,-1.470791,4.713340
1802,0.003381,-1.464740,4.712929
1803,0.003384,-1.458636,4.712929
1804,0.003387,-1.452532,4.712929
1805,0.003388,-1.446375,4.712518
1806,0.003386,-1.440324,4.712107
1807,0.003385,-1.434114,4.712107
1808,0.003380,-1.428063,4.711696
1809,0.003376,-1.421959,4.711696
1810,0.003374,-1.415907,4.712107
1811,0.003378,-1.409803,4.712929
1812,0.003381,-1.403699,4.712929
1813,0.003387,-1.397647,4.713340
1814,0.003390,-1.391596,4.712929
1815,0.003393,-1.385492,4.712929
1816,0.003394,-1.379440,4.712518
1817,0.003395,-1.373231,4.712518
1818,0.003393,-1.367179,4.712107
1819,0.003391,-1.360970,4.712107
1820,0.003387,-1.354919,4.711696
1821,0.003383,-1.348814,4.711696
1822,0.003381,-1.342763,4.712107
1823,0.003385,-1.336659,4.712929
1824,0.003390,-1.330607,4.713340
1825,0.003396,-1.324503,4.713340
1826,0.003399,-1.318452,4.712929
1827,0.003403,-1.312348,4.712929
1828,0.003404,-1.306296,4.712518
1829,0.003404,-1.300087,4.712518
1830,0.003403,-1.294035,4.712107
1831,0.003401,-1.287826,4.712107
1832,0.003397,-1.281774,4.711696
1833,0.003392,-1.275670,4.711696
1834,0.003391,-1.269619,4.712107
1835,0.003394,-1.263515,4.712929
1836,0.003400,-1.257463,4.713340
1837,0.003406,-1.251359,4.713340
1838,0.003409,-1.245308,4.712929
1839,0.003412,-1.239204,4.712929
1840,0.003413,-1.233152,4.712518
1841,0.003414,-1.226943,4.712518
1842,0.003412,-1.220891,4.712107
1843,0.003413,-1.214734,4.712518
1844,0.003409,-1.208630,4.711696
1845,0.003404,-1.202526,4.711696
1846,0.003398,-1.196475,4.711285
1847,0.003391,-1.190265,4.711285
1848,0.003387,-1.184214,4.711696
1849,0.003385,-1.178162,4.712107
1850,0.003386,-1.172111,4.712518
1851,0.003389,-1.166059,4.712929
1852,0.003395,-1.160008,4.713340
1853,0.003398,-1.153956,4.712929
1854,0.003401,-1.147747,4.712929
1855,0.003402,-1.141696,4.712518
1856,0.003403,-1.135486,4.712518
1857,0.003401,-1.129435,4.712107
1858,0.003399,-1.123331,4.712107
1859,0.003395,-1.117279,4.711696
1860,0.003391,-1.111070,4.711696
1861,0.003389,-1.105018,4.712107
1862,0.003390,-1.098967,4.712518
1863,0.003393,-1.092915,4.712929
1864,0.003399,-1.086864,4.713340
1865,0.003402,-1.080812,4.712929
1866,0.003406,-1.074603,4.712929
1867,0.003406,-1.068551,4.712518
1868,0.003407,-1.062342,4.712518
1869,0.003406,-1.056291,4.712107
1870,0.003404,-1.050186,4.712107
1871,0.003400,-1.044135,4.711696
1872,0.003395,-1.037926,4.711696
1873,0.003394,-1.031874,4.712107
1874,0.003394,-1.025823,4.712518
1875,0.003398,-1.019771,4.712929
1876,0.003403,-1.013720,4.713340
1877,0.003407,-1.007668,4.712929
1878,0.003410,-1.001459,4.712929
1879,0.003411,-0.995407,4.712518
1880,0.003414,-0.989251,4.712929
1881,0.003412,-0.983146,4.712107
1882,0.003411,-0.977042,4.712107
1883,0.003407,-0.970991,4.711696
1884,0.003402,-0.964782,4.711696
1885,0.003401,-0.958730,4.712107
1886,0.003401,-0.952679,4.712518
1887,0.003405,-0.946627,4.712929
1888,0.003410,-0.940576,4.713340
1889,0.003414,-0.934524,4.712929
1890,0.003417,-0.928315,4.712929
1891,0.003418,-0.922263,4.712518
1892,0.003421,-0.916106,4.712929
1893,0.003419,-0.910002,4.712107
1894,0.003418,-0.903898,4.712107
1895,0.003413,-0.897847,4.711696
1896,0.003409,-0.891637,4.711696
1897,0.003407,-0.885586,4.712107
1898,0.003408,-0.879534,4.712518
1899,0.003411,-0.873483,4.712929
1900,0.003417,-0.867431,4.713340
1901,0.003420,-0.861380,4.712929
1902,0.003424,-0.855171,4.712929
1903,0.003425,-0.849119,4.712518
1904,0.003428,-0.842962,4.712929
1905,0.003426,-0.836858,4.712107
1906,0.003424,-0.830754,4.712107
1907,0.003420,-0.824703,4.711696
1908,0.003416,-0.818493,4.711696
1909,0.003414,-0.812442,4.712107
1910,0.003415,-0.806390,4.712518
1911,0.003418,-0.800339,4.712929
1912,0.003424,-0.794287,4.713340
1913,0.003427,-0.788236,4.712929
1914,0.003431,-0.782026,4.712929
1915,0.003431,-0.775975,4.712518
1916,0.003435,-0.769818,4.712929
1917,0.003436,-0.763767,4.712518
1918,0.003434,-0.757610,4.712107
1919,0.003430,-0.751558,4.711696
1920,0.003425,-0.745349,4.711696
1921,0.003424,-0.739298,4.712107
1922,0.003424,-0.733246,4.712518
1923,0.003428,-0.727195,4.712929
1924,0.003433,-0.721143,4.713340
1925,0.003437,-0.715092,4.712929
1926,0.003440,-0.708882,4.712929
1927,0.003441,-0.702831,4.712518
1928,0.003444,-0.696674,4.712929
1929,0.003445,-0.690623,4.712518
1930,0.003443,-0.684466,4.712107
1931,0.003439,-0.678414,4.711696
1932,0.003435,-0.672205,4.711696
1933,0.003433,-0.666154,4.712107
1934,0.003434,-0.660102,4.712518
1935,0.003437,-0.654051,4.712929
1936,0.003443,-0.647999,4.713340
1937,0.003446,-0.641948,4.712929
1938,0.003449,-0.635738,4.712929
1939,0.003450,-0.629687,4.712518
1940,0.003453,-0.623530,4.712929
1941,0.003454,-0.617478,4.712518
1942,0.003453,-0.611322,4.712107
1943,0.003448,-0.605270,4.711696
1944,0.003444,-0.599061,4.711696
1945,0.003442,-0.593009,4.712107
1946,0.003443,-0.586958,4.712518
1947,0.003446,-0.580906,4.712929
1948,0.003452,-0.574855,4.713340
1949,0.003455,-0.568803,4.712929
1950,0.003459,-0.562594,4.712929
1951,0.003460,-0.556543,4.712518
1952,0.003460,-0.550438,4.712518
1953,0.003461,-0.544334,4.712518
1954,0.003459,-0.538178,4.712107
1955,0.003455,-0.532126,4.711696
1956,0.003451,-0.525917,4.711696
1957,0.003449,-0.519865,4.712107
1958,0.003450,-0.513814,4.712518
1959,0.003453,-0.507762,4.712929
1960,0.003459,-0.501711,4.713340
1961,0.003462,-0.495659,4.712929
1962,0.003466,-0.489450,4.712929
1963,0.003466,-0.483398,4.712518
1964,0.003467,-0.477294,4.712518
1965,0.003468,-0.471190,4.712518
1966,0.003466,-0.465034,4.712107
1967,0.003462,-0.458982,4.711696
1968,0.003458,-0.452773,4.711696
1969,0.003456,-0.446721,4.712107
1970,0.003457,-0.440670,4.712518
1971,0.003460,-0.434618,4.712929
1972,0.003466,-0.428567,4.713340
1973,0.003469,-0.422515,4.712929
1974,0.003472,-0.416306,4.712929
1975,0.003473,-0.410254,4.712518
1976,0.003474,-0.404150,4.712518
1977,0.003475,-0.398046,4.712518
1978,0.003473,-0.391889,4.712107
1979,0.003469,-0.385838,4.711696
1980,0.003465,-0.379629,4.711696
1981,0.003463,-0.373577,4.712107
1982,0.003464,-0.367526,4.712518
1983,0.003467,-0.361474,4.712929
1984,0.003473,-0.355423,4.713340
1985,0.003478,-0.349424,4.713340
1986,0.003484,-0.343530,4.713340
1987,0.003492,-0.337689,4.713751
1988,0.003500,-0.331795,4.713751
1989,0.003510,-0.326060,4.714162
1990,0.003520,-0.320271,4.714162
1991,0.003533,-0.314641,4.714573
1992,0.003545,-0.308958,4.714573
1993,0.003559,-0.303432,4.714984
1994,0.003574,-0.297855,4.714984
1995,0.003590,-0.292435,4.715396
1996,0.003607,-0.286962,4.715396
1997,0.003625,-0.281647,4.715807
1998,0.003643,-0.276280,4.715807
1999,0.003663,-0.271070,4.716218
2000,0.003683,-0.265808,4.716218
2001,0.003705,-0.260704,4.716629
2002,0.003727,-0.255547,4.716629
2003,0.003750,-0.250548,4.717040
2004,0.003773,-0.245496,4.717040
2005,0.003798,-0.240603,4.717451
2006,0.003823,-0.235656,4.717451
2007,0.003848,-0.230815,4.717451
2008,0.003874,-0.226027,4.717862
2009,0.003902,-0.221238,4.718273
2010,0.003930,-0.216502,4.718273
2011,0.003959,-0.211924,4.718684
2012,0.003988,-0.207294,4.718684
2013,0.004017,-0.202768,4.718684
2014,0.004045,-0.198243,4.718684
2015,0.004076,-0.193823,4.719507
2016,0.004108,-0.189403,4.719507
2017,0.004139,-0.185088,4.719507
2018,0.004169,-0.180773,4.719507
2019,0.004203,-0.176563,4.720329
2020,0.004236,-0.172354,4.720329
2021,0.004269,-0.168249,4.720329
2022,0.004301,-0.164145,4.720329
2023,0.004336,-0.160146,4.721151
2024,0.004371,-0.156147,4.721151
2025,0.004408,-0.152200,4.721562
2026,0.004443,-0.148307,4.721562
2027,0.004478,-0.144518,4.721562
2028,0.004513,-0.140729,4.721562
2029,0.004550,-0.137046,4.722384
2030,0.004586,-0.133310,4.721973
2031,0.004623,-0.129732,4.722796
2032,0.004660,-0.126154,4.722796
2033,0.004698,-0.122628,4.723207
2034,0.004736,-0.119156,4.723207
2035,0.004772,-0.115788,4.723207
2036,0.004811,-0.112368,4.723618
2037,0.004847,-0.109105,4.723618
2038,0.004886,-0.105791,4.724029
2039,0.004923,-0.102633,4.724029
2040,0.004961,-0.099424,4.724440
2041,0.004998,-0.096372,4.724440
2042,0.005037,-0.093267,4.724851
2043,0.005075,-0.090268,4.725262
2044,0.005113,-0.087322,4.725262
2045,0.005152,-0.084428,4.725673
2046,0.005189,-0.081534,4.725262
2047,0.005226,-0.078798,4.726084
2048,0.005263,-0.076009,4.725673
2049,0.005300,-0.073326,4.726084
2050,0.005338,-0.070695,4.726907
2051,0.005377,-0.068117,4.727318
2052,0.005419,-0.065538,4.728551
2053,0.005460,-0.063066,4.728962
2054,0.005502,-0.060593,4.729373
2055,0.005543,-0.058225,4.729784
2056,0.005585,-0.055910,4.730607
2057,0.005627,-0.053648,4.731018
2058,0.005672,-0.051333,4.731840
2059,0.005715,-0.049176,4.732251
2060,0.005758,-0.047071,4.733073
2061,0.005802,-0.045020,4.733484
2062,0.005848,-0.042915,4.734306
2063,0.005891,-0.040969,4.734718
2064,0.005935,-0.039075,4.735540
2065,0.005979,-0.037181,4.735540
2066,0.006024,-0.035340,4.736773
2067,0.006067,-0.033604,4.737184
2068,0.006113,-0.031815,4.738006
2069,0.006155,-0.030185,4.738418
2070,0.006198,-0.028554,4.738829
2071,0.006239,-0.027028,4.739240
2072,0.006282,-0.025503,4.740473
2073,0.006324,-0.024030,4.740473
2074,0.006365,-0.022610,4.741706
2075,0.006407,-0.021242,4.742529
2076,0.006448,-0.019928,4.743762
2077,0.006488,-0.018665,4.744584
2078,0.006527,-0.017508,4.745406
2079,0.006568,-0.016299,4.746640
2080,0.006605,-0.015247,4.747462
2081,0.006605,-0.015247,4.747462
2082,0.006605,-0.015247,4.747462
2083,0.006605,-0.015247,4.747462
2084,0.006607,-0.015194,4.747873
2085,0.006607,-0.015194,4.748695
2086,0.006607,-0.015194,4.750340
2087,0.006607,-0.015194,4.751984
2088,0.006607,-0.015194,4.754451
2089,0.006609,-0.015142,4.756506
2090,0.006609,-0.015142,4.759795
2091,0.006609,-0.015142,4.766373
2092,0.006609,-0.015142,4.769662
2093,0.006609,-0.015142,4.773773
2094,0.006606,-0.015194,4.777473
2095,0.006606,-0.015194,4.782406
2096,0.006610,-0.015142,4.792684
2097,0.006610,-0.015142,4.798439
2098,0.006610,-0.015142,4.805017
2099,0.006605,-0.015194,4.811183
2100,0.006605,-0.015194,4.818583
2101,0.006611,-0.015142,4.825572
2102,0.006611,-0.015142,4.833794
2103,0.006611,-0.015142,4.842016
2104,0.006603,-0.015194,4.850650
2105,0.006611,-0.015142,4.859283
2106,0.006611,-0.015142,4.869150
2107,0.006602,-0.015194,4.878605
2108,0.006612,-0.015142,4.888883
2109,0.006612,-0.015142,4.899571
2110,0.006601,-0.015194,4.910671
2111,0.006601,-0.015194,4.922182
2112,0.006613,-0.015142,4.934104
2113,0.006601,-0.015193,4.946027
2114,0.006614,-0.015142,4.958771
2115,0.006614,-0.015142,4.971926
2116,0.006599,-0.015193,4.985493
2117,0.006614,-0.015143,4.999059
2118,0.006599,-0.015193,5.013448
2119,0.006615,-0.015143,5.027837
2120,0.006615,-0.015143,5.043459
2121,0.006615,-0.015143,5.058259
2122,0.006615,-0.015143,5.074703
2123,0.006615,-0.015143,5.090325
2124,0.006615,-0.015143,5.107592
2125,0.006615,-0.015143,5.124036
2126,0.006615,-0.015143,5.142124
2127,0.006615,-0.015143,5.159391
2128,0.006615,-0.015143,5.178302
2129,0.006615,-0.015143,5.196391
2130,0.006590,-0.015189,5.215713
2131,0.006616,-0.015143,5.235035
2132,0.006589,-0.015188,5.255179
2133,0.006617,-0.015144,5.275323
2134,0.006617,-0.015144,5.295878
2135,0.006587,-0.015187,5.316845
2136,0.006618,-0.015145,5.338634
2137,0.006618,-0.015145,5.360011
2138,0.006585,-0.015186,5.382622
2139,0.006619,-0.015145,5.405233
2140,0.006619,-0.015145,5.428255
2141,0.006583,-0.015184,5.451688
2142,0.006620,-0.015146,5.475943
2143,0.006620,-0.015146,5.498965
2144,0.006581,-0.015182,5.522398
2145,0.006620,-0.015147,5.545831
2146,0.006620,-0.015147,5.568853
2147,0.006580,-0.015181,5.592286
2148,0.006580,-0.015181,5.615308
2149,0.006622,-0.015149,5.638742
2150,0.006622,-0.015149,5.661764
2151,0.006578,-0.015179,5.685197
2152,0.006623,-0.015150,5.707808
2153,0.006623,-0.015150,5.730007
2154,0.006577,-0.015177,5.751796
2155,0.006623,-0.015151,5.773585
2156,0.006577,-0.015176,5.794551
2157,0.006624,-0.015152,5.815518
2158,0.006624,-0.015152,5.835251
2159,0.006576,-0.015174,5.855395
2160,0.006624,-0.015153,5.874717
2161,0.006575,-0.015173,5.894039
2162,0.006624,-0.015154,5.912539
2163,0.006624,-0.015154,5.930627
2164,0.006624,-0.015154,5.948716
2165,0.006624,-0.015154,5.965983
2166,0.006624,-0.015154,5.983249
2167,0.006624,-0.015154,5.999693
2168,0.006624,-0.015154,6.016138
2169,0.006624,-0.015154,6.031760
2170,0.006624,-0.015154,6.047382
2171,0.006573,-0.015165,6.062593
2172,0.006625,-0.015154,6.076981
2173,0.006573,-0.015165,6.091370
2174,0.006625,-0.015155,6.104937
2175,0.006573,-0.015164,6.118503
2176,0.006625,-0.015156,6.131248
2177,0.006625,-0.015156,6.144403
2178,0.006573,-0.015163,6.156325
2179,0.006625,-0.015156,6.168247
2180,0.006625,-0.015156,6.179758
2181,0.006572,-0.015161,6.190858
2182,0.006625,-0.015157,6.201136
2183,0.006625,-0.015157,6.211825
2184,0.006572,-0.015160,6.221280
2185,0.006625,-0.015158,6.230735
2186,0.006625,-0.015158,6.239780
2187,0.006625,-0.015158,6.248824
2188,0.006572,-0.015159,6.256635
2189,0.006625,-0.015158,6.264446
2190,0.006625,-0.015158,6.271846
2191,0.006625,-0.015158,6.279246
2192,0.006625,-0.015158,6.285824
2193,0.006572,-0.015157,6.291990
2194,0.006572,-0.015157,6.297746
2195,0.006625,-0.015159,6.303090
2196,0.006625,-0.015159,6.308024
2197,0.006625,-0.015159,6.312957
2198,0.006625,-0.015159,6.317068
2199,0.006572,-0.015157,6.320768
2200,0.006572,-0.015157,6.324057
