0,0.000000,0.000000,0.000000
1,0.000000,0.000000,0.000000
2,0.000000,0.000000,0.000000
3,0.000000,0.000000,0.000000
4,0.000000,0.000000,0.000000
5,0.000000,0.000000,0.000000
6,0.000000,0.000000,0.000000
7,0.000000,0.000000,0.000000
8,0.000000,0.000000,0.000000
9,0.000000,0.000000,0.000000
10,0.000053,-0.000000,0.000411
11,0.000053,-0.000000,0.000411
12,0.000053,-0.000000,0.000411
13,0.000053,-0.000000,0.000411
14,0.000053,-0.000000,0.000411
15,0.000053,-0.000000,0.000411
16,0.000053,-0.000000,0.000411
17,0.000158,-0.000000,0.000411
18,0.000263,-0.000000,0.000411
19,0.000368,-0.000000,0.000411
20,0.000474,-0.000000,0.000411
21,0.000684,-0.000000,0.000411
22,0.001000,-0.000000,-0.000411
23,0.001263,0.000000,-0.000822
24,0.001579,0.000000,-0.000822
25,0.001947,0.000001,-0.001233
26,0.002421,0.000002,-0.001644
27,0.002894,0.000003,-0.002056
28,0.003473,0.000004,-0.002467
29,0.004052,0.000006,-0.002878
30,0.004683,0.000008,-0.003700
31,0.005420,0.000011,-0.004522
32,0.006209,0.000015,-0.004933
33,0.007104,0.000020,-0.005344
34,0.007998,0.000025,-0.005755
35,0.008998,0.000031,-0.006167
36,0.010051,0.000039,-0.006989
37,0.011156,0.000046,-0.006578
38,0.012313,0.000054,-0.007400
39,0.013629,0.000064,-0.006989
40,0.015050,0.000073,-0.006578
41,0.016470,0.000083,-0.006989
42,0.017996,0.000093,-0.006578
43,0.019575,0.000102,-0.005755
44,0.021259,0.000112,-0.005755
45,0.023101,0.000122,-0.005344
46,0.024942,0.000131,-0.004933
47,0.026889,0.000139,-0.004522
48,0.028889,0.000149,-0.004522
49,0.030941,0.000157,-0.004111
50,0.033151,0.000164,-0.003289
51,0.035361,0.000173,-0.004111
52,0.037677,0.000181,-0.003289
53,0.039992,0.000189,-0.003289
54,0.042518,0.000197,-0.003289
55,0.045044,0.000205,-0.003289
56,0.047622,0.000215,-0.003700
57,0.050253,0.000224,-0.003700
58,0.052937,0.000235,-0.004111
59,0.055831,0.000249,-0.004522
60,0.058620,0.000262,-0.004933
61,0.061567,0.000279,-0.005755
62,0.064566,0.000298,-0.006167
63,0.067565,0.000318,-0.006578
64,0.070670,0.000339,-0.006989
65,0.073722,0.000363,-0.007811
66,0.076984,0.000391,-0.008633
67,0.080194,0.000423,-0.009867
68,0.083457,0.000458,-0.010689
69,0.086877,0.000496,-0.011100
70,0.090244,0.000539,-0.012744
71,0.093770,0.000585,-0.013155
72,0.097348,0.000635,-0.013978
73,0.100873,0.000686,-0.014389
74,0.104503,0.000739,-0.014800
75,0.108239,0.000796,-0.015211
76,0.111922,0.000855,-0.016033
77,0.115763,0.000919,-0.016444
78,0.119604,0.000986,-0.017678
79,0.123550,0.001058,-0.018089
80,0.127548,0.001133,-0.018911
81,0.131494,0.001210,-0.019322
82,0.135598,0.001289,-0.019322
83,0.139649,0.001369,-0.019733
84,0.143858,0.001452,-0.019733
85,0.148014,0.001532,-0.019322
86,0.152276,0.001616,-0.019733
87,0.156590,0.001702,-0.019733
88,0.160851,0.001787,-0.020144
89,0.165165,0.001874,-0.020144
90,0.169585,0.001963,-0.020144
91,0.174057,0.002055,-0.020555
92,0.178686,0.002154,-0.021378
93,0.183316,0.002253,-0.021378
94,0.187998,0.002355,-0.021789
95,0.192733,0.002459,-0.021789
96,0.197520,0.002565,-0.022200
97,0.202308,0.002673,-0.022611
98,0.207148,0.002783,-0.022611
99,0.212040,0.002891,-0.022200
100,0.216880,0.002999,-0.022200
101,0.221826,0.003104,-0.021378
102,0.226824,0.003209,-0.020966
103,0.231874,0.003311,-0.020144
104,0.236925,0.003409,-0.019322
105,0.242081,0.003508,-0.019322
106,0.247342,0.003606,-0.018500
107,0.252709,0.003700,-0.017678
108,0.258128,0.003794,-0.017266
109,0.263547,0.003885,-0.016855
110,0.269019,0.003973,-0.016033
111,0.274491,0.004056,-0.015211
112,0.279963,0.004135,-0.014389
113,0.285541,0.004211,-0.013567
114,0.291065,0.004283,-0.013155
115,0.296801,0.004357,-0.012744
116,0.302536,0.004427,-0.012333
117,0.308377,0.004497,-0.011922
118,0.314270,0.004562,-0.011100
119,0.320111,0.004625,-0.010689
120,0.326162,0.004687,-0.010278
121,0.332318,0.004748,-0.009867
122,0.338422,0.004803,-0.009044
123,0.344579,0.004856,-0.008633
124,0.350788,0.004905,-0.007811
125,0.357050,0.004951,-0.007400
126,0.363311,0.004989,-0.006167
127,0.369626,0.005023,-0.005344
128,0.375993,0.005055,-0.004933
129,0.382360,0.005083,-0.004522
130,0.388833,0.005105,-0.003289
131,0.395305,0.005123,-0.002878
132,0.401883,0.005134,-0.001644
133,0.408461,0.005126,0.001233
134,0.415038,0.005104,0.003289
135,0.421668,0.005061,0.006578
136,0.428351,0.004992,0.010278
137,0.435086,0.004895,0.014389
138,0.441768,0.004774,0.018089
139,0.448449,0.004623,0.022611
140,0.455077,0.004441,0.027544
141,0.461756,0.004226,0.032066
142,0.468435,0.003976,0.037411
143,0.475007,0.003701,0.041933
144,0.481630,0.003390,0.046866
145,0.488146,0.003058,0.050977
146,0.494661,0.002693,0.055911
147,0.501069,0.002308,0.060022
148,0.507476,0.001896,0.064133
149,0.513829,0.001465,0.067833
150,0.520127,0.001016,0.071121
151,0.526320,0.000560,0.073588
152,0.532564,0.000086,0.075644
153,0.538807,-0.000395,0.076877
154,0.544946,-0.000865,0.076466
155,0.551033,-0.001321,0.074821
156,0.557278,-0.001782,0.073588
157,0.563471,-0.002228,0.071944
158,0.569771,-0.002666,0.069477
159,0.575914,-0.003076,0.066599
160,0.582058,-0.003463,0.062899
161,0.588257,-0.003828,0.058788
162,0.594457,-0.004162,0.053855
163,0.600659,-0.004466,0.048922
164,0.606968,-0.004738,0.043166
165,0.613331,-0.004979,0.037822
166,0.619747,-0.005185,0.032066
167,0.626270,-0.005356,0.026311
168,0.632583,-0.005486,0.020555
169,0.638897,-0.005580,0.014800
170,0.645159,-0.005639,0.009455
171,0.651421,-0.005665,0.004111
172,0.657525,-0.005660,-0.000822
173,0.663734,-0.005624,-0.005755
174,0.669996,-0.005560,-0.010278
175,0.676257,-0.005467,-0.014800
176,0.682518,-0.005346,-0.019322
177,0.688883,-0.005194,-0.023844
178,0.695301,-0.005015,-0.027955
179,0.701665,-0.004813,-0.031655
180,0.708028,-0.004588,-0.035355
181,0.714233,-0.004343,-0.039466
182,0.720384,-0.004077,-0.043166
183,0.726481,-0.003794,-0.046455
184,0.732735,-0.003480,-0.050155
185,0.739041,-0.003143,-0.053444
186,0.745450,-0.002779,-0.056733
187,0.751911,-0.002388,-0.060433
188,0.758370,-0.001978,-0.063310
189,0.764567,-0.001580,-0.064133
190,0.770815,-0.001166,-0.066188
191,0.777168,-0.000737,-0.067422
192,0.783626,-0.000298,-0.067833
193,0.789768,0.000116,-0.067422
194,0.795964,0.000535,-0.067422
195,0.802317,0.000956,-0.066188
196,0.808618,0.001368,-0.065366
197,0.814972,0.001776,-0.064133
198,0.821327,0.002177,-0.062899
199,0.827735,0.002570,-0.061255
200,0.834195,0.002958,-0.060022
201,0.840552,0.003332,-0.058788
202,0.846751,0.003681,-0.056322
203,0.852952,0.004016,-0.053855
204,0.859100,0.004329,-0.050977
205,0.865460,0.004630,-0.047277
206,0.871769,0.004903,-0.043166
207,0.878079,0.005149,-0.039055
208,0.884653,0.005382,-0.035355
209,0.891332,0.005599,-0.032477
210,0.897960,0.005787,-0.028366
211,0.904535,0.005944,-0.023844
212,0.911112,0.006082,-0.020966
213,0.917794,0.006192,-0.016444
214,0.924371,0.006281,-0.013567
215,0.930738,0.006354,-0.011511
216,0.937157,0.006407,-0.008222
217,0.943840,0.006443,-0.005344
218,0.950523,0.006459,-0.002467
219,0.957364,0.006453,0.000822
220,0.964205,0.006431,0.003289
221,0.970782,0.006390,0.006167
222,0.977307,0.006329,0.009455
223,0.984042,0.006248,0.011922
224,0.990724,0.006155,0.013978
225,0.997249,0.006048,0.016444
226,1.003615,0.005935,0.017678
227,1.010034,0.005811,0.019322
228,1.016505,0.005673,0.021378
229,1.023081,0.005524,0.022611
230,1.029604,0.005371,0.023433
231,1.036232,0.005210,0.024255
232,1.042808,0.005048,0.024666
233,1.049541,0.004876,0.025489
234,1.056064,0.004705,0.026311
235,1.062482,0.004536,0.026311
236,1.068794,0.004365,0.027133
237,1.075106,0.004193,0.027133
238,1.081419,0.004022,0.027133
239,1.087678,0.003849,0.027544
240,1.093990,0.003676,0.027544
241,1.100355,0.003503,0.027133
242,1.106720,0.003327,0.027544
243,1.113190,0.003152,0.027133
244,1.119608,0.002978,0.027133
245,1.125867,0.002810,0.026722
246,1.132022,0.002648,0.026311
247,1.138177,0.002489,0.025900
248,1.144332,0.002337,0.024666
249,1.150486,0.002188,0.024255
250,1.156694,0.002042,0.023433
251,1.163007,0.001900,0.022611
252,1.169425,0.001760,0.021789
253,1.175791,0.001629,0.020555
254,1.182157,0.001506,0.019322
255,1.188418,0.001393,0.018089
256,1.194627,0.001290,0.016444
257,1.200783,0.001197,0.015211
258,1.206992,0.001107,0.014389
259,1.213148,0.001026,0.013155
260,1.219251,0.000956,0.011511
261,1.225461,0.000895,0.009867
262,1.231722,0.000841,0.008633
263,1.238089,0.000799,0.006578
264,1.244509,0.000767,0.004933
265,1.250771,0.000749,0.002878
266,1.257191,0.000741,0.001233
267,1.263400,0.000744,-0.000411
268,1.269504,0.000756,-0.002056
269,1.275608,0.000779,-0.003700
270,1.281660,0.000814,-0.005755
271,1.287869,0.000855,-0.006578
272,1.294078,0.000901,-0.007400
273,1.300340,0.000955,-0.008633
274,1.306602,0.001017,-0.009867
275,1.312863,0.001081,-0.010278
276,1.319230,0.001154,-0.011511
277,1.325544,0.001232,-0.012333
278,1.331806,0.001312,-0.012744
279,1.338015,0.001396,-0.013567
280,1.344118,0.001484,-0.014389
281,1.350274,0.001575,-0.014800
282,1.356430,0.001669,-0.015211
283,1.362691,0.001772,-0.016444
284,1.369005,0.001881,-0.017266
285,1.375424,0.001992,-0.017266
286,1.381895,0.002111,-0.018500
287,1.388209,0.002228,-0.018500
288,1.394259,0.002338,-0.018089
289,1.400362,0.002448,-0.018089
290,1.406518,0.002557,-0.017678
291,1.412832,0.002668,-0.017678
292,1.419198,0.002784,-0.018089
293,1.425459,0.002899,-0.018500
294,1.431562,0.003012,-0.018500
295,1.437770,0.003127,-0.018500
296,1.444136,0.003248,-0.018911
297,1.450555,0.003374,-0.019733
298,1.456921,0.003497,-0.019322
299,1.463182,0.003621,-0.019733
300,1.469442,0.003737,-0.018500
301,1.475651,0.003846,-0.017678
302,1.481807,0.003953,-0.017266
303,1.487963,0.004051,-0.016033
304,1.494329,0.004151,-0.015622
305,1.500853,0.004247,-0.014800
306,1.507325,0.004335,-0.013567
307,1.513692,0.004414,-0.012333
308,1.520059,0.004490,-0.011922
309,1.526320,0.004557,-0.010689
310,1.532687,0.004617,-0.009455
311,1.539107,0.004672,-0.008633
312,1.545527,0.004722,-0.007811
313,1.551788,0.004764,-0.006578
314,1.558050,0.004802,-0.006167
315,1.564417,0.004834,-0.004933
316,1.570785,0.004862,-0.004522
317,1.577310,0.004887,-0.003700
318,1.583730,0.004905,-0.002878
319,1.590307,0.004921,-0.002467
320,1.596727,0.004932,-0.001644
321,1.602936,0.004932,0.000000
322,1.609146,0.004927,0.000822
323,1.615566,0.004921,0.000822
324,1.622143,0.004908,0.002056
325,1.628458,0.004890,0.002878
326,1.634720,0.004869,0.003289
327,1.641034,0.004848,0.003289
328,1.647402,0.004825,0.003700
329,1.653769,0.004799,0.004111
330,1.660189,0.004772,0.004111
331,1.666608,0.004741,0.004933
332,1.673081,0.004711,0.004522
333,1.679448,0.004680,0.004933
334,1.685604,0.004642,0.006167
335,1.691551,0.004598,0.007400
336,1.697602,0.004551,0.007811
337,1.703706,0.004498,0.008633
338,1.709757,0.004438,0.009867
339,1.715650,0.004375,0.010689
340,1.721491,0.004306,0.011922
341,1.727279,0.004232,0.012744
342,1.733067,0.004149,0.014389
343,1.738749,0.004062,0.015211
344,1.744431,0.003971,0.016033
345,1.749956,0.003876,0.017266
346,1.755375,0.003780,0.017678
347,1.760689,0.003679,0.018911
348,1.766108,0.003575,0.019322
349,1.771580,0.003473,0.018500
350,1.776999,0.003371,0.018911
351,1.782207,0.003266,0.020144
352,1.787363,0.003158,0.020966
353,1.792729,0.003045,0.020966
354,1.797990,0.002931,0.021789
355,1.803093,0.002813,0.023022
356,1.807986,0.002698,0.023433
357,1.813036,0.002576,0.024255
358,1.818086,0.002449,0.025078
359,1.822978,0.002325,0.025489
360,1.827712,0.002200,0.026311
361,1.832341,0.002074,0.027133
362,1.837076,0.001946,0.027133
363,1.841915,0.001815,0.027133
364,1.846491,0.001688,0.027544
365,1.850805,0.001566,0.028366
366,1.855276,0.001441,0.027955
367,1.859957,0.001312,0.027544
368,1.864534,0.001184,0.027955
369,1.868636,0.001066,0.028777
370,1.872792,0.000945,0.029189
371,1.877105,0.000819,0.029189
372,1.881418,0.000689,0.030011
373,1.885573,0.000563,0.030422
374,1.889570,0.000441,0.030422
375,1.893620,0.000316,0.030833
376,1.897618,0.000193,0.030833
377,1.901510,0.000073,0.030833
378,1.905244,-0.000044,0.031244
379,1.908716,-0.000152,0.031244
380,1.912239,-0.000264,0.031655
381,1.915816,-0.000377,0.031655
382,1.919603,-0.000494,0.030833
383,1.923179,-0.000604,0.030833
384,1.926493,-0.000708,0.031244
385,1.929912,-0.000813,0.030833
386,1.933488,-0.000921,0.030011
387,1.936960,-0.001025,0.030011
388,1.940168,-0.001120,0.029600
389,1.943272,-0.001213,0.030011
390,1.946585,-0.001311,0.029600
391,1.949899,-0.001408,0.029189
392,1.953002,-0.001502,0.030422
393,1.955790,-0.001588,0.030833
394,1.958841,-0.001680,0.030011
395,1.961997,-0.001775,0.030011
396,1.965100,-0.001866,0.029600
397,1.967835,-0.001950,0.030422
398,1.970360,-0.002029,0.031244
399,1.973042,-0.002114,0.031655
400,1.975882,-0.002201,0.030833
401,1.978722,-0.002286,0.030011
402,1.981300,-0.002365,0.030422
403,1.983666,-0.002440,0.031655
404,1.986138,-0.002517,0.031244
405,1.988663,-0.002596,0.031244
406,1.991083,-0.002672,0.031244
407,1.993344,-0.002743,0.031655
408,1.995658,-0.002816,0.031655
409,1.997972,-0.002890,0.031655
410,2.000129,-0.002957,0.031244
411,2.002075,-0.003019,0.031655
412,2.003916,-0.003078,0.032066
413,2.005914,-0.003140,0.031244
414,2.007387,-0.003181,0.027955
415,2.008545,-0.003211,0.025489
416,2.009912,-0.003244,0.023844
417,2.011228,-0.003273,0.022611
418,2.012227,-0.003294,0.020555
419,2.013174,-0.003309,0.016444
420,2.014016,-0.003321,0.013155
421,2.014805,-0.003330,0.011922
422,2.015489,-0.003337,0.010689
423,2.015963,-0.003341,0.007811
424,2.016331,-0.003343,0.005755
425,2.016752,-0.003345,0.004111
426,2.017015,-0.003345,0.002056
427,2.017173,-0.003345,0.000822
428,2.017331,-0.003345,-0.000411
429,2.017436,-0.003345,-0.000411
430,2.017436,-0.003345,-0.000411
431,2.017489,-0.003345,-0.000822
432,2.017647,-0.003345,-0.002878
433,2.017699,-0.003345,-0.003289
434,2.017594,-0.003345,-0.004933
435,2.017489,-0.003346,-0.006578
436,2.017331,-0.003347,-0.008633
437,2.017331,-0.003347,-0.011100
438,2.017173,-0.003349,-0.013978
439,2.017068,-0.003351,-0.017266
440,2.016910,-0.003355,-0.020966
441,2.016963,-0.003353,-0.025489
442,2.016858,-0.003356,-0.030422
443,2.016700,-0.003362,-0.036589
444,2.016700,-0.003362,-0.042344
445,2.016647,-0.003365,-0.048511
446,2.016542,-0.003371,-0.055911
447,2.016437,-0.003377,-0.064133
448,2.016332,-0.003385,-0.072355
449,2.016280,-0.003389,-0.081810
450,2.016175,-0.003399,-0.090855
451,2.016123,-0.003404,-0.101132
452,2.016018,-0.003416,-0.111821
453,2.015914,-0.003429,-0.123332
454,2.015914,-0.003429,-0.134843
455,2.015862,-0.003437,-0.146765
456,2.015810,-0.003445,-0.160332
457,2.015706,-0.003463,-0.174309
458,2.015758,-0.003453,-0.187876
459,2.015809,-0.003443,-0.203087
460,2.015758,-0.003454,-0.219120
461,2.015809,-0.003442,-0.235153
462,2.015911,-0.003416,-0.252420
463,2.016063,-0.003374,-0.270097
464,2.016164,-0.003344,-0.288186
465,2.016214,-0.003328,-0.307508
466,2.016264,-0.003311,-0.327652
467,2.016363,-0.003275,-0.347385
468,2.016559,-0.003199,-0.367941
469,2.016511,-0.003219,-0.390552
470,2.016703,-0.003135,-0.412751
471,2.016847,-0.003068,-0.435362
472,2.017035,-0.002975,-0.460029
473,2.017221,-0.002877,-0.483873
474,2.017497,-0.002723,-0.507717
475,2.017769,-0.002563,-0.532383
476,2.017993,-0.002424,-0.556639
477,2.018257,-0.002251,-0.581305
478,2.018430,-0.002131,-0.606794
479,2.018769,-0.001882,-0.631460
480,2.018811,-0.001850,-0.657360
481,2.018974,-0.001717,-0.683671
482,2.019134,-0.001580,-0.709159
483,2.019290,-0.001439,-0.734648
484,2.019366,-0.001366,-0.760137
485,2.019515,-0.001217,-0.786447
486,2.019624,-0.001103,-0.812347
487,2.019729,-0.000985,-0.838247
488,2.019832,-0.000866,-0.863324
489,2.019732,-0.000988,-0.887580
490,2.019732,-0.000988,-0.912246
491,2.019888,-0.000776,-0.937324
492,2.019978,-0.000646,-0.961579
493,2.019949,-0.000690,-0.984190
494,2.019921,-0.000735,-1.007623
495,2.019921,-0.000735,-1.030645
496,2.019947,-0.000689,-1.054078
497,2.019922,-0.000735,-1.076689
498,2.019850,-0.000876,-1.099300
499,2.019850,-0.000876,-1.121499
500,2.019850,-0.000876,-1.142877
501,2.019830,-0.000924,-1.164666
502,2.019830,-0.000924,-1.185221
503,2.019811,-0.000973,-1.205365
504,2.019775,-0.001072,-1.225098
505,2.019741,-0.001172,-1.244832
506,2.019741,-0.001172,-1.263742
507,2.019726,-0.001223,-1.282242
508,2.019698,-0.001324,-1.300331
509,2.019672,-0.001426,-1.318420
510,2.019635,-0.001579,-1.335275
511,2.019612,-0.001682,-1.352542
512,2.019591,-0.001785,-1.368986
513,2.019572,-0.001889,-1.384608
514,2.019545,-0.002044,-1.399819
515,2.019512,-0.002252,-1.414619
516,2.019490,-0.002408,-1.429007
517,2.019463,-0.002617,-1.442985
518,2.019445,-0.002774,-1.455729
519,2.019429,-0.002931,-1.468474
520,2.019424,-0.002984,-1.478751
521,2.019424,-0.002984,-1.487796
522,2.019420,-0.003036,-1.498073
523,2.019413,-0.003141,-1.506296
524,2.019411,-0.003194,-1.514929
525,2.019405,-0.003299,-1.521506
526,2.019405,-0.003299,-1.528084
527,2.019405,-0.003299,-1.533840
528,2.019404,-0.003351,-1.537540
529,2.019402,-0.003404,-1.542062
530,2.019405,-0.003299,-1.545351
531,2.019407,-0.003193,-1.547817
532,2.019409,-0.003088,-1.549462
533,2.019410,-0.003036,-1.549873
534,2.019412,-0.002983,-1.550284
535,2.019414,-0.002878,-1.550284
536,2.019416,-0.002773,-1.550284
537,2.019422,-0.002457,-1.551106
538,2.019427,-0.002194,-1.550695
539,2.019433,-0.001931,-1.551106
540,2.019438,-0.001668,-1.551517
541,2.019446,-0.001247,-1.551517
542,2.019454,-0.000826,-1.552339
543,2.019462,-0.000352,-1.552751
544,2.019470,0.000121,-1.553162
545,2.019480,0.000700,-1.554395
546,2.019490,0.001331,-1.555217
547,2.019501,0.002068,-1.555217
548,2.019512,0.002804,-1.556039
549,2.019523,0.003594,-1.557273
550,2.019535,0.004488,-1.557684
551,2.019546,0.005488,-1.558917
552,2.019558,0.006488,-1.559328
553,2.019569,0.007540,-1.560151
554,2.019579,0.008540,-1.560562
555,2.019591,0.009750,-1.560973
556,2.019603,0.011013,-1.561795
557,2.019614,0.012328,-1.562206
558,2.019625,0.013644,-1.562617
559,2.019636,0.015065,-1.563028
560,2.019647,0.016643,-1.563850
561,2.019657,0.018169,-1.564262
562,2.019668,0.019853,-1.564262
563,2.019677,0.021590,-1.565495
564,2.019685,0.023379,-1.566317
565,2.019692,0.025221,-1.566728
566,2.019699,0.027220,-1.567550
567,2.019704,0.029220,-1.568373
568,2.019707,0.031430,-1.569195
569,2.019708,0.033587,-1.570428
570,2.019706,0.035850,-1.571661
571,2.019701,0.038218,-1.572895
572,2.019693,0.040586,-1.574128
573,2.019681,0.043164,-1.575361
574,2.019666,0.045743,-1.576595
575,2.019647,0.048374,-1.578239
576,2.019624,0.051110,-1.579061
577,2.019598,0.053899,-1.580295
578,2.019565,0.056846,-1.581939
579,2.019528,0.059845,-1.583172
580,2.019485,0.062897,-1.584817
581,2.019438,0.066001,-1.586050
582,2.019382,0.069210,-1.588106
583,2.019323,0.072420,-1.589339
584,2.019257,0.075682,-1.590984
585,2.019183,0.079049,-1.592628
586,2.019104,0.082468,-1.593861
587,2.019018,0.085887,-1.595917
588,2.018925,0.089412,-1.597150
589,2.018825,0.093041,-1.598383
590,2.018724,0.096565,-1.599617
591,2.018615,0.100195,-1.600850
592,2.018498,0.103982,-1.601672
593,2.018378,0.107716,-1.602906
594,2.018256,0.111450,-1.603317
595,2.018126,0.115342,-1.604139
596,2.017993,0.119234,-1.604961
597,2.017854,0.123230,-1.605783
598,2.017714,0.127175,-1.606194
599,2.017569,0.131171,-1.607017
600,2.017417,0.135273,-1.607839
601,2.017261,0.139427,-1.608250
602,2.017104,0.143634,-1.608250
603,2.016946,0.147788,-1.608661
604,2.016783,0.152047,-1.609072
605,2.016615,0.156359,-1.609894
606,2.016446,0.160618,-1.610306
607,2.016268,0.165035,-1.611128
608,2.016086,0.169451,-1.611950
609,2.015897,0.173920,-1.613183
610,2.015697,0.178494,-1.614417
611,2.015487,0.183120,-1.616061
612,2.015266,0.187798,-1.618117
613,2.015026,0.192580,-1.620994
614,2.014764,0.197362,-1.625516
615,2.014468,0.202352,-1.630039
616,2.014155,0.207288,-1.634150
617,2.013809,0.212223,-1.640727
618,2.013409,0.217522,-1.646072
619,2.012978,0.223031,-1.648950
620,2.012528,0.228485,-1.653061
621,2.012054,0.233884,-1.658405
622,2.011544,0.239333,-1.664161
623,2.011010,0.244727,-1.669505
624,2.010437,0.250275,-1.673616
625,2.009827,0.255978,-1.677316
626,2.009215,0.261470,-1.681838
627,2.008586,0.266906,-1.685949
628,2.007943,0.272235,-1.690882
629,2.007266,0.277718,-1.693760
630,2.006559,0.283358,-1.695405
631,2.005857,0.288891,-1.697049
632,2.005159,0.294319,-1.698694
633,2.004456,0.299693,-1.700749
634,2.003752,0.305067,-1.701160
635,2.003036,0.310546,-1.700749
636,2.002313,0.316130,-1.699516
637,2.001615,0.321558,-1.698694
638,2.000944,0.326830,-1.697460
639,2.000257,0.332313,-1.695405
640,1.999538,0.338109,-1.694171
641,1.998840,0.343855,-1.691705
642,1.998165,0.349604,-1.687594
643,1.997494,0.355936,-1.676494
644,1.996895,0.362328,-1.664161
645,1.996362,0.368673,-1.654705
646,1.995887,0.374864,-1.647305
647,1.995459,0.381322,-1.637027
648,1.995096,0.387890,-1.625928
649,1.994805,0.394250,-1.616472
650,1.994573,0.400455,-1.608250
651,1.994397,0.406662,-1.599206
652,1.994283,0.412923,-1.588928
653,1.994228,0.419290,-1.579473
654,1.994244,0.425973,-1.568373
655,1.994330,0.432761,-1.558095
656,1.994485,0.439389,-1.547406
657,1.994712,0.445963,-1.536306
658,1.995037,0.452902,-1.523973
659,1.995454,0.459993,-1.512051
660,1.995943,0.467028,-1.501362
661,1.996522,0.474161,-1.489851
662,1.997185,0.481339,-1.478751
663,1.997938,0.488615,-1.467651
664,1.998775,0.495934,-1.456963
665,1.999709,0.503348,-1.445452
666,2.000732,0.510803,-1.434352
667,2.001828,0.518194,-1.423663
668,2.003006,0.525680,-1.414619
669,2.004223,0.533052,-1.407219
670,2.005471,0.540313,-1.400641
671,2.006681,0.547206,-1.396941
672,2.007782,0.553531,-1.398586
673,2.008901,0.560013,-1.399819
674,2.010077,0.566858,-1.400641
675,2.011202,0.573553,-1.404341
676,2.012268,0.580097,-1.409274
677,2.013318,0.586750,-1.414208
678,2.014363,0.593564,-1.418730
679,2.015376,0.600382,-1.423252
680,2.016348,0.607154,-1.428185
681,2.017283,0.613877,-1.432707
682,2.018191,0.620658,-1.437641
683,2.019066,0.627442,-1.442574
684,2.019894,0.634127,-1.447507
685,2.020657,0.640660,-1.454496
686,2.021369,0.647199,-1.462307
687,2.022055,0.653900,-1.468885
688,2.022688,0.660553,-1.475874
689,2.023269,0.667210,-1.483685
690,2.023806,0.673924,-1.491085
691,2.024297,0.680589,-1.497251
692,2.024741,0.687205,-1.503829
693,2.025141,0.693823,-1.510407
694,2.025492,0.700339,-1.516984
695,2.025800,0.706856,-1.523562
696,2.026065,0.713376,-1.530140
697,2.026288,0.719845,-1.536306
698,2.026471,0.726315,-1.542473
699,2.026615,0.732785,-1.548640
700,2.026717,0.739152,-1.554806
701,2.026787,0.745466,-1.559739
702,2.026823,0.751833,-1.565084
703,2.026830,0.758095,-1.569606
704,2.026807,0.764305,-1.574539
705,2.026758,0.770514,-1.578650
706,2.026684,0.776723,-1.582761
707,2.026583,0.782878,-1.587284
708,2.026460,0.789087,-1.590572
709,2.026311,0.795294,-1.594683
710,2.026145,0.801343,-1.598383
711,2.025968,0.807287,-1.600439
712,2.025767,0.813388,-1.603728
713,2.025542,0.819593,-1.607017
714,2.025311,0.825693,-1.608661
715,2.025079,0.831635,-1.609894
716,2.024834,0.837576,-1.611950
717,2.024573,0.843674,-1.613594
718,2.024307,0.849773,-1.614417
719,2.024045,0.855766,-1.614417
720,2.023769,0.861916,-1.615650
721,2.023505,0.867857,-1.615239
722,2.023248,0.873745,-1.614417
723,2.022987,0.879738,-1.614417
724,2.022706,0.885994,-1.615650
725,2.022432,0.892197,-1.614828
726,2.022164,0.898400,-1.614005
727,2.021891,0.904709,-1.614005
728,2.021610,0.911228,-1.614005
729,2.021333,0.917695,-1.613594
730,2.021067,0.923951,-1.613183
731,2.020823,0.929998,-1.611128
732,2.020584,0.936255,-1.609072
733,2.020344,0.942723,-1.607839
734,2.020117,0.949139,-1.606194
735,2.019914,0.955450,-1.602906
736,2.019734,0.961604,-1.600028
737,2.019550,0.968179,-1.598795
738,2.019378,0.974913,-1.596328
739,2.019233,0.981436,-1.593039
740,2.019112,0.987697,-1.590161
741,2.019009,0.993800,-1.587695
742,2.018912,1.000272,-1.585639
743,2.018826,1.006797,-1.583995
744,2.018757,1.013216,-1.581528
745,2.018704,1.019636,-1.579061
746,2.018667,1.026161,-1.576595
747,2.018642,1.032738,-1.574539
748,2.018634,1.039263,-1.572073
749,2.018639,1.045736,-1.570017
750,2.018655,1.052366,-1.568373
751,2.018682,1.058997,-1.566728
752,2.018720,1.065627,-1.565084
753,2.018767,1.072046,-1.563439
754,2.018821,1.078413,-1.562206
755,2.018887,1.084833,-1.560562
756,2.018961,1.091305,-1.559328
757,2.019047,1.097829,-1.557684
758,2.019140,1.104301,-1.556451
759,2.019239,1.110826,-1.555628
760,2.019345,1.117455,-1.554806
761,2.019458,1.124032,-1.553573
762,2.019579,1.130608,-1.552339
763,2.019703,1.137027,-1.551517
764,2.019832,1.143446,-1.550695
765,2.019963,1.149812,-1.550284
766,2.020098,1.156125,-1.549462
767,2.020235,1.162333,-1.548640
768,2.020380,1.168645,-1.547817
769,2.020527,1.174906,-1.547406
770,2.020678,1.181271,-1.546995
771,2.020832,1.187636,-1.546584
772,2.020989,1.194002,-1.546173
773,2.021142,1.200209,-1.546173
774,2.021295,1.206417,-1.546173
775,2.021448,1.212624,-1.546173
776,2.021597,1.218779,-1.546584
777,2.021743,1.224934,-1.546995
778,2.021890,1.231194,-1.547406
779,2.022038,1.237507,-1.547406
780,2.022184,1.243873,-1.547817
781,2.022329,1.250186,-1.547817
782,2.022469,1.256499,-1.548640
783,2.022604,1.262812,-1.549462
784,2.022733,1.269125,-1.550284
785,2.022855,1.275333,-1.551106
786,2.022972,1.281542,-1.551928
787,2.023079,1.287750,-1.553573
788,2.023174,1.293853,-1.555217
789,2.023264,1.300115,-1.556451
790,2.023346,1.306376,-1.557684
791,2.023419,1.312690,-1.559328
792,2.023481,1.319005,-1.560973
793,2.023536,1.325372,-1.562206
794,2.023582,1.331739,-1.563439
795,2.023621,1.338001,-1.564673
796,2.023649,1.344315,-1.566317
797,2.023672,1.350524,-1.567139
798,2.023687,1.356786,-1.568373
799,2.023692,1.362996,-1.570017
800,2.023691,1.369100,-1.570839
801,2.023684,1.375257,-1.572073
802,2.023668,1.381519,-1.573306
803,2.023647,1.387728,-1.574128
804,2.023619,1.393990,-1.575361
805,2.023585,1.400304,-1.576184
806,2.023543,1.406566,-1.577417
807,2.023500,1.412723,-1.577828
808,2.023451,1.418932,-1.578650
809,2.023397,1.425141,-1.579473
810,2.023336,1.431297,-1.580706
811,2.023272,1.437559,-1.581117
812,2.023201,1.443873,-1.581939
813,2.023131,1.450188,-1.581939
814,2.023055,1.456502,-1.582761
815,2.022977,1.462868,-1.583172
816,2.022893,1.469182,-1.583995
817,2.022803,1.475602,-1.584817
818,2.022711,1.481968,-1.585228
819,2.022618,1.488230,-1.585639
820,2.022521,1.494438,-1.586461
821,2.022417,1.500752,-1.587284
822,2.022311,1.507013,-1.587695
823,2.022203,1.513274,-1.588106
824,2.022090,1.519482,-1.588928
825,2.021972,1.525848,-1.589339
826,2.021853,1.532267,-1.589339
827,2.021730,1.538739,-1.589750
828,2.021603,1.545157,-1.590572
829,2.021477,1.551418,-1.590984
830,2.021360,1.557573,-1.589750
831,2.021244,1.563834,-1.589339
832,2.021131,1.570095,-1.588928
833,2.021027,1.576251,-1.587695
834,2.020930,1.582407,-1.586461
835,2.020845,1.588511,-1.584817
836,2.020755,1.594930,-1.584817
837,2.020670,1.601349,-1.583995
838,2.020595,1.607611,-1.582761
839,2.020523,1.613872,-1.582350
840,2.020453,1.620134,-1.581939
841,2.020390,1.626501,-1.580706
842,2.020333,1.632710,-1.579884
843,2.020280,1.638866,-1.579473
844,2.020233,1.645128,-1.578239
845,2.020192,1.651443,-1.577417
846,2.020154,1.657862,-1.576595
847,2.020122,1.664282,-1.575773
848,2.020099,1.670649,-1.574539
849,2.020080,1.676964,-1.573717
850,2.020064,1.683436,-1.573306
851,2.020061,1.689593,-1.571250
852,2.020066,1.695645,-1.570017
853,2.020075,1.701643,-1.569195
854,2.020093,1.707695,-1.567962
855,2.020119,1.713694,-1.566317
856,2.020153,1.719640,-1.565084
857,2.020194,1.725481,-1.563850
858,2.020245,1.731374,-1.562206
859,2.020303,1.737320,-1.560973
860,2.020371,1.743213,-1.559328
861,2.020445,1.749054,-1.558095
862,2.020528,1.754842,-1.556451
863,2.020620,1.760629,-1.554806
864,2.020714,1.766206,-1.553984
865,2.020815,1.771678,-1.552339
866,2.020922,1.777097,-1.551106
867,2.021036,1.782463,-1.549462
868,2.021159,1.787882,-1.548228
869,2.021283,1.793090,-1.546995
870,2.021417,1.798350,-1.545351
871,2.021556,1.803506,-1.543706
872,2.021704,1.808660,-1.542062
873,2.021858,1.813710,-1.540417
874,2.022016,1.818706,-1.539184
875,2.022180,1.823650,-1.537540
876,2.022349,1.828488,-1.535895
877,2.022518,1.833168,-1.534662
878,2.022693,1.837796,-1.533017
879,2.022876,1.842423,-1.531373
880,2.023066,1.847050,-1.529729
881,2.023259,1.851571,-1.528084
882,2.023460,1.856092,-1.526440
883,2.023668,1.860613,-1.524795
884,2.023874,1.864976,-1.523562
885,2.024086,1.869338,-1.522329
886,2.024301,1.873595,-1.520273
887,2.024521,1.877799,-1.518629
888,2.024741,1.881897,-1.516984
889,2.024969,1.885996,-1.515340
890,2.025197,1.889988,-1.513695
891,2.025433,1.894033,-1.512462
892,2.025674,1.898078,-1.511229
893,2.025916,1.902070,-1.510407
894,2.026154,1.905957,-1.509584
895,2.026392,1.909738,-1.507940
896,2.026633,1.913519,-1.507118
897,2.026869,1.917142,-1.505884
898,2.027107,1.920713,-1.504240
899,2.027345,1.924230,-1.503007
900,2.027586,1.927695,-1.501362
901,2.027825,1.931107,-1.500951
902,2.028068,1.934519,-1.499718
903,2.028315,1.937930,-1.498484
904,2.028561,1.941289,-1.497662
905,2.028808,1.944595,-1.496429
906,2.029050,1.947796,-1.495196
907,2.029299,1.951049,-1.494373
908,2.029540,1.954144,-1.493140
909,2.029779,1.957187,-1.492318
910,2.030018,1.960177,-1.491085
911,2.030255,1.963114,-1.490262
912,2.030495,1.966051,-1.489440
913,2.030733,1.968935,-1.488207
914,2.030976,1.971819,-1.486973
915,2.031207,1.974546,-1.486151
916,2.031441,1.977272,-1.485329
917,2.031673,1.979946,-1.484096
918,2.031903,1.982567,-1.483274
919,2.032126,1.985083,-1.482451
920,2.032351,1.987599,-1.481629
921,2.032568,1.990009,-1.480807
922,2.032788,1.992420,-1.479985
923,2.033004,1.994778,-1.479574
924,2.033218,1.997084,-1.477929
925,2.033429,1.999336,-1.477518
926,2.033637,2.001537,-1.476696
927,2.033799,2.003266,-1.477107
928,2.033925,2.004628,-1.478751
929,2.034059,2.006095,-1.479574
930,2.034177,2.007406,-1.480807
931,2.034268,2.008454,-1.484096
932,2.034338,2.009293,-1.488207
933,2.034414,2.010237,-1.489851
934,2.034503,2.011339,-1.490262
935,2.034567,2.012125,-1.490673
936,2.034621,2.012807,-1.491085
937,2.034658,2.013280,-1.492318
938,2.034674,2.013489,-1.493140
939,2.034695,2.013752,-1.494373
940,2.034718,2.014067,-1.495196
941,2.034730,2.014224,-1.495607
942,2.034734,2.014276,-1.496018
943,2.034730,2.014224,-1.496429
944,2.034738,2.014329,-1.497251
945,2.034749,2.014486,-1.498484
946,2.034749,2.014486,-1.500129
947,2.034739,2.014329,-1.501362
948,2.034731,2.014224,-1.503007
949,2.034728,2.014171,-1.505062
950,2.034721,2.014066,-1.507529
951,2.034715,2.013961,-1.509995
952,2.034706,2.013804,-1.512873
953,2.034706,2.013804,-1.516162
954,2.034706,2.013804,-1.519451
955,2.034701,2.013699,-1.523562
956,2.034694,2.013541,-1.528906
957,2.034692,2.013488,-1.533429
958,2.034696,2.013593,-1.538362
959,2.034693,2.013488,-1.545762
960,2.034690,2.013330,-1.552751
961,2.034691,2.013383,-1.559739
962,2.034690,2.013173,-1.568784
963,2.034691,2.013067,-1.577828
964,2.034690,2.013120,-1.587284
965,2.034689,2.013173,-1.596739
966,2.034693,2.013067,-1.608250
967,2.034693,2.013067,-1.619761
968,2.034693,2.013067,-1.631272
969,2.034693,2.013067,-1.643605
970,2.034693,2.013067,-1.656761
971,2.034687,2.013120,-1.670327
972,2.034682,2.013172,-1.684716
973,2.034688,2.013120,-1.699927
974,2.034673,2.013224,-1.715549
975,2.034648,2.013380,-1.732404
976,2.034657,2.013328,-1.750082
977,2.034616,2.013534,-1.768171
978,2.034616,2.013534,-1.786259
979,2.034591,2.013637,-1.805992
980,2.034552,2.013790,-1.825314
981,2.034552,2.013790,-1.845870
982,2.034521,2.013890,-1.867247
983,2.034471,2.014040,-1.889036
984,2.034454,2.014090,-1.911647
985,2.034398,2.014237,-1.935080
986,2.034338,2.014383,-1.958513
987,2.034317,2.014432,-1.982768
988,2.034250,2.014575,-2.007024
989,2.034180,2.014716,-2.031279
990,2.034106,2.014856,-2.056356
991,2.034029,2.014993,-2.081434
992,2.033975,2.015084,-2.106100
993,2.033863,2.015262,-2.131589
994,2.033805,2.015350,-2.157078
995,2.033715,2.015479,-2.182977
996,2.033589,2.015648,-2.208466
997,2.033524,2.015731,-2.234777
998,2.033390,2.015893,-2.261088
999,2.033321,2.015973,-2.287399
1000,2.033250,2.016050,-2.313709
1001,2.033177,2.016126,-2.340020
1002,2.033102,2.016199,-2.366331
1003,2.033025,2.016271,-2.391820
1004,2.033103,2.016201,-2.416486
1005,2.033144,2.016167,-2.440741
1006,2.033103,2.016200,-2.465819
1007,2.033019,2.016264,-2.490485
1008,2.032976,2.016295,-2.513918
1009,2.032976,2.016295,-2.537763
1010,2.032976,2.016295,-2.560785
1011,2.032932,2.016323,-2.583395
1012,2.032932,2.016323,-2.606417
1013,2.033023,2.016271,-2.628617
1014,2.033116,2.016222,-2.650817
1015,2.033116,2.016222,-2.672195
1016,2.033211,2.016176,-2.693572
1017,2.033307,2.016132,-2.714127
1018,2.033355,2.016112,-2.734272
1019,2.033453,2.016072,-2.754005
1020,2.033453,2.016072,-2.773738
1021,2.033502,2.016054,-2.792238
1022,2.033602,2.016020,-2.811149
1023,2.033702,2.015987,-2.828415
1024,2.033802,2.015957,-2.845682
1025,2.033903,2.015928,-2.862948
1026,2.034056,2.015887,-2.878981
1027,2.034158,2.015861,-2.894603
1028,2.034312,2.015825,-2.909814
1029,2.034466,2.015791,-2.924203
1030,2.034620,2.015759,-2.937770
1031,2.034724,2.015739,-2.951747
1032,2.034931,2.015702,-2.964080
1033,2.034931,2.015702,-2.974769
1034,2.034879,2.015710,-2.985047
1035,2.034983,2.015694,-2.994913
1036,2.035035,2.015687,-3.003547
1037,2.035140,2.015674,-3.010947
1038,2.035192,2.015667,-3.017935
1039,2.035244,2.015661,-3.024102
1040,2.035296,2.015655,-3.028624
1041,2.035349,2.015649,-3.033969
1042,2.035296,2.015655,-3.037669
1043,2.035244,2.015660,-3.039724
1044,2.035244,2.015660,-3.042191
1045,2.035192,2.015665,-3.043424
1046,2.035139,2.015670,-3.043835
1047,2.035087,2.015675,-3.044246
1048,2.035034,2.015681,-3.043835
1049,2.034930,2.015691,-3.043835
1050,2.034877,2.015696,-3.043424
1051,2.034720,2.015712,-3.043013
1052,2.034458,2.015737,-3.043424
1053,2.034249,2.015758,-3.042602
1054,2.033987,2.015784,-3.043013
1055,2.033725,2.015810,-3.043424
1056,2.033359,2.015846,-3.043835
1057,2.032992,2.015882,-3.044246
1058,2.032573,2.015922,-3.045068
1059,2.032049,2.015973,-3.045068
1060,2.031421,2.016033,-3.046713
1061,2.030792,2.016092,-3.047535
1062,2.030058,2.016161,-3.048357
1063,2.029220,2.016238,-3.049180
1064,2.028382,2.016315,-3.050002
1065,2.027438,2.016401,-3.050824
1066,2.026390,2.016496,-3.051646
1067,2.025394,2.016584,-3.052879
1068,2.024136,2.016695,-3.053702
1069,2.022878,2.016804,-3.055346
1070,2.021567,2.016917,-3.055757
1071,2.020204,2.017033,-3.056579
1072,2.018631,2.017166,-3.057402
1073,2.017006,2.017302,-3.057813
1074,2.015380,2.017437,-3.059046
1075,2.013702,2.017574,-3.059868
1076,2.011761,2.017732,-3.060279
1077,2.009820,2.017888,-3.061513
1078,2.007827,2.018046,-3.062335
1079,2.005728,2.018211,-3.063157
1080,2.003577,2.018378,-3.064390
1081,2.001374,2.018544,-3.066035
1082,1.999012,2.018722,-3.066446
1083,1.996598,2.018900,-3.068090
1084,1.994132,2.019081,-3.068502
1085,1.991612,2.019261,-3.070146
1086,1.989093,2.019439,-3.070968
1087,1.986415,2.019625,-3.072201
1088,1.983581,2.019820,-3.073024
1089,1.980851,2.020005,-3.073846
1090,1.977963,2.020198,-3.075079
1091,1.974917,2.020393,-3.077546
1092,1.971818,2.020580,-3.081246
1093,1.968613,2.020764,-3.084124
1094,1.965461,2.020935,-3.087412
1095,1.962255,2.021097,-3.091112
1096,1.958891,2.021254,-3.095223
1097,1.955578,2.021395,-3.098923
1098,1.952319,2.021529,-3.100568
1099,1.949111,2.021651,-3.103446
1100,1.945745,2.021769,-3.106734
1101,1.942327,2.021878,-3.109612
1102,1.938803,2.021983,-3.111668
1103,1.935436,2.022076,-3.114134
1104,1.931964,2.022160,-3.117423
1105,1.928387,2.022237,-3.119890
1106,1.924704,2.022308,-3.122357
1107,1.921179,2.022366,-3.125234
1108,1.917548,2.022418,-3.127290
1109,1.913917,2.022456,-3.130990
1110,1.910024,2.022488,-3.133456
1111,1.905972,2.022513,-3.135512
1112,1.901973,2.022524,-3.138801
1113,1.897921,2.022517,-3.143323
1114,1.893553,2.022493,-3.147023
1115,1.889081,2.022445,-3.152367
1116,1.884556,2.022363,-3.159767
1117,1.879769,2.022238,-3.167578
1118,1.874720,2.022066,-3.175800
1119,1.869831,2.021848,-3.186078
1120,1.864840,2.021574,-3.196356
1121,1.859641,2.021244,-3.204989
1122,1.854234,2.020859,-3.212800
1123,1.848831,2.020435,-3.219789
1124,1.843326,2.019965,-3.226778
1125,1.837980,2.019482,-3.231711
1126,1.832584,2.018970,-3.236233
1127,1.827401,2.018446,-3.242400
1128,1.822325,2.017905,-3.247744
1129,1.817305,2.017341,-3.253500
1130,1.812027,2.016719,-3.258844
1131,1.806544,2.016034,-3.265833
1132,1.801223,2.015330,-3.273233
1133,1.796011,2.014609,-3.278988
1134,1.790802,2.013863,-3.283922
1135,1.785387,2.013068,-3.287210
1136,1.779870,2.012245,-3.289677
1137,1.774460,2.011425,-3.292144
1138,1.768842,2.010563,-3.293788
1139,1.763174,2.009686,-3.295021
1140,1.757715,2.008831,-3.297077
1141,1.752311,2.007970,-3.299544
1142,1.746961,2.007098,-3.303244
1143,1.741717,2.006231,-3.305299
1144,1.736475,2.005359,-3.306532
1145,1.731180,2.004478,-3.306532
1146,1.725936,2.003611,-3.305299
1147,1.720691,2.002756,-3.303244
1148,1.715340,2.001895,-3.301188
1149,1.709933,2.001047,-3.297077
1150,1.704419,2.000206,-3.292966
1151,1.698900,1.999397,-3.287210
1152,1.693168,1.998594,-3.280633
1153,1.687535,1.997839,-3.274877
1154,1.681844,1.997121,-3.267066
1155,1.675569,1.996414,-3.253911
1156,1.669076,1.995773,-3.239933
1157,1.662732,1.995229,-3.227189
1158,1.656803,1.994781,-3.216911
1159,1.650605,1.994395,-3.203756
1160,1.644192,1.994097,-3.188134
1161,1.637828,1.993897,-3.172923
1162,1.631620,1.993790,-3.158945
1163,1.625358,1.993771,-3.144556
1164,1.619044,1.993851,-3.128934
1165,1.612784,1.994025,-3.113723
1166,1.606633,1.994286,-3.099335
1167,1.600590,1.994613,-3.087412
1168,1.594447,1.995025,-3.074668
1169,1.588100,1.995526,-3.062746
1170,1.581707,1.996111,-3.050413
1171,1.575322,1.996780,-3.037257
1172,1.568738,1.997562,-3.023280
1173,1.562060,1.998445,-3.010124
1174,1.555084,1.999473,-2.995325
1175,1.548228,2.000587,-2.980525
1176,1.541388,2.001797,-2.966547
1177,1.534412,2.003134,-2.952158
1178,1.527353,2.004599,-2.936947
1179,1.520265,2.006180,-2.922147
1180,1.513099,2.007890,-2.907348
1181,1.505806,2.009742,-2.892959
1182,1.498488,2.011709,-2.878981
1183,1.490998,2.013842,-2.864181
1184,1.483434,2.016097,-2.851848
1185,1.475993,2.018396,-2.841982
1186,1.468824,2.020684,-2.832526
1187,1.462019,2.022900,-2.826771
1188,1.455764,2.024935,-2.827182
1189,1.450246,2.026684,-2.834582
1190,1.445010,2.028273,-2.846915
1191,1.439452,2.029891,-2.858426
1192,1.433477,2.031581,-2.865826
1193,1.427337,2.033267,-2.873637
1194,1.421484,2.034804,-2.884737
1195,1.415411,2.036333,-2.895014
1196,1.409121,2.037859,-2.903648
1197,1.402870,2.039320,-2.911870
1198,1.396504,2.040754,-2.920092
1199,1.389924,2.042190,-2.926670
1200,1.383384,2.043565,-2.934481
1201,1.377089,2.044828,-2.943525
1202,1.371039,2.045967,-2.955447
1203,1.364820,2.047065,-2.966958
1204,1.358383,2.048129,-2.977647
1205,1.352090,2.049099,-2.988747
1206,1.345787,2.049998,-2.999847
1207,1.339422,2.050837,-3.010535
1208,1.333154,2.051606,-3.019580
1209,1.326931,2.052299,-3.030680
1210,1.320752,2.052915,-3.042191
1211,1.314567,2.053465,-3.052879
1212,1.308272,2.053958,-3.063568
1213,1.301918,2.054378,-3.075490
1214,1.295508,2.054734,-3.086179
1215,1.289042,2.055020,-3.097279
1216,1.282626,2.055231,-3.108790
1217,1.276207,2.055368,-3.120301
1218,1.269788,2.055436,-3.130990
1219,1.263368,2.055430,-3.142501
1220,1.256896,2.055357,-3.152778
1221,1.250425,2.055219,-3.163056
1222,1.243956,2.055013,-3.173334
1223,1.237489,2.054747,-3.182789
1224,1.230867,2.054414,-3.191834
1225,1.224248,2.054021,-3.200878
1226,1.217738,2.053581,-3.209100
1227,1.211179,2.053086,-3.216911
1228,1.204624,2.052540,-3.224722
1229,1.198073,2.051948,-3.231711
1230,1.191630,2.051331,-3.237055
1231,1.185241,2.050698,-3.240344
1232,1.178908,2.050041,-3.244866
1233,1.172420,2.049342,-3.248977
1234,1.165935,2.048621,-3.252266
1235,1.159505,2.047888,-3.255144
1236,1.153075,2.047141,-3.257200
1237,1.146647,2.046387,-3.258433
1238,1.140324,2.045637,-3.259666
1239,1.133949,2.044880,-3.259666
1240,1.127521,2.044121,-3.259255
1241,1.121041,2.043360,-3.258433
1242,1.114454,2.042598,-3.256788
1243,1.107919,2.041855,-3.254733
1244,1.101433,2.041140,-3.251444
1245,1.094840,2.040435,-3.248155
1246,1.088245,2.039751,-3.244866
1247,1.081491,2.039071,-3.241989
1248,1.075049,2.038446,-3.238289
1249,1.068603,2.037855,-3.232944
1250,1.062050,2.037285,-3.228422
1251,1.055443,2.036737,-3.224311
1252,1.048832,2.036227,-3.218556
1253,1.042114,2.035748,-3.212800
1254,1.035392,2.035308,-3.207045
1255,1.028668,2.034917,-3.199645
1256,1.021941,2.034570,-3.193067
1257,1.015213,2.034268,-3.186489
1258,1.008587,2.034019,-3.179089
1259,1.001960,2.033820,-3.171689
1260,0.995331,2.033675,-3.163467
1261,0.988543,2.033585,-3.154834
1262,0.981808,2.033557,-3.145790
1263,0.975125,2.033586,-3.137156
1264,0.968337,2.033681,-3.127701
1265,0.961446,2.033836,-3.119068
1266,0.954398,2.034047,-3.111668
1267,0.947404,2.034322,-3.102212
1268,0.940519,2.034659,-3.092757
1269,0.933479,2.035061,-3.084535
1270,0.926286,2.035534,-3.075901
1271,0.918991,2.036077,-3.067268
1272,0.911701,2.036666,-3.061102
1273,0.904623,2.037280,-3.054935
1274,0.897811,2.037901,-3.050824
1275,0.890948,2.038545,-3.047946
1276,0.883929,2.039228,-3.044657
1277,0.877017,2.039911,-3.043013
1278,0.870367,2.040572,-3.042602
1279,0.863613,2.041251,-3.041368
1280,0.856753,2.041938,-3.041780
1281,0.849998,2.042606,-3.043013
1282,0.843347,2.043255,-3.044246
1283,0.836747,2.043889,-3.045891
1284,0.830145,2.044506,-3.048357
1285,0.823490,2.045109,-3.051235
1286,0.816832,2.045693,-3.054113
1287,0.810226,2.046256,-3.056579
1288,0.803775,2.046782,-3.060279
1289,0.797322,2.047284,-3.063979
1290,0.790867,2.047762,-3.067679
1291,0.784410,2.048210,-3.072201
1292,0.778109,2.048617,-3.077135
1293,0.771806,2.048998,-3.081246
1294,0.765553,2.049347,-3.085768
1295,0.759247,2.049674,-3.089879
1296,0.752992,2.049969,-3.094401
1297,0.746736,2.050236,-3.098923
1298,0.740479,2.050480,-3.102623
1299,0.734168,2.050700,-3.106734
1300,0.727856,2.050895,-3.110846
1301,0.721649,2.051060,-3.114957
1302,0.715336,2.051202,-3.119068
1303,0.709023,2.051324,-3.122357
1304,0.702814,2.051417,-3.126468
1305,0.696500,2.051492,-3.129756
1306,0.690343,2.051542,-3.133456
1307,0.684134,2.051567,-3.137567
1308,0.678083,2.051569,-3.141267
1309,0.672031,2.051549,-3.144967
1310,0.666085,2.051507,-3.148667
1311,0.659981,2.051444,-3.151956
1312,0.653878,2.051360,-3.155245
1313,0.647774,2.051257,-3.158534
1314,0.641672,2.051133,-3.161823
1315,0.635464,2.050992,-3.164289
1316,0.629204,2.050827,-3.167989
1317,0.622892,2.050645,-3.170456
1318,0.616633,2.050446,-3.173334
1319,0.610533,2.050242,-3.174978
1320,0.604485,2.050033,-3.176212
1321,0.598332,2.049807,-3.178267
1322,0.592180,2.049574,-3.179500
1323,0.586133,2.049337,-3.180734
1324,0.580086,2.049098,-3.181145
1325,0.573987,2.048851,-3.181967
1326,0.567888,2.048610,-3.181145
1327,0.561841,2.048368,-3.181556
1328,0.555584,2.048116,-3.181967
1329,0.549327,2.047860,-3.182378
1330,0.543018,2.047608,-3.181556
1331,0.536813,2.047360,-3.181556
1332,0.530556,2.047112,-3.181145
1333,0.524352,2.046872,-3.180323
1334,0.518199,2.046636,-3.179911
1335,0.511837,2.046400,-3.178678
1336,0.505368,2.046168,-3.177445
1337,0.498847,2.045939,-3.176623
1338,0.492483,2.045729,-3.174567
1339,0.486172,2.045537,-3.172100
1340,0.479860,2.045360,-3.169634
1341,0.473284,2.045178,-3.169223
1342,0.466762,2.045008,-3.167578
1343,0.460343,2.044857,-3.165112
1344,0.454083,2.044718,-3.163878
1345,0.447665,2.044585,-3.162234
1346,0.441036,2.044454,-3.161412
1347,0.434406,2.044334,-3.159767
1348,0.427987,2.044233,-3.157301
1349,0.421358,2.044139,-3.155656
1350,0.414465,2.044051,-3.154423
1351,0.407729,2.043981,-3.151956
1352,0.401310,2.043936,-3.148667
1353,0.394995,2.043912,-3.145379
1354,0.388628,2.043906,-3.142501
1355,0.382156,2.043919,-3.139623
1356,0.375788,2.043950,-3.136745
1357,0.369527,2.043998,-3.133868
1358,0.363318,2.044066,-3.130579
1359,0.357109,2.044155,-3.127290
1360,0.350795,2.044266,-3.124001
1361,0.344692,2.044389,-3.121534
1362,0.338643,2.044528,-3.118657
1363,0.332646,2.044685,-3.115368
1364,0.326702,2.044858,-3.112490
1365,0.320706,2.045052,-3.109201
1366,0.314816,2.045262,-3.105912
1367,0.308927,2.045492,-3.102623
1368,0.303144,2.045737,-3.099335
1369,0.297309,2.046005,-3.095635
1370,0.291580,2.046290,-3.091935
1371,0.285853,2.046591,-3.089057
1372,0.280283,2.046902,-3.085768
1373,0.274820,2.047225,-3.082479
1374,0.269463,2.047560,-3.079190
1375,0.264055,2.047914,-3.076313
1376,0.258805,2.048270,-3.073846
1377,0.253398,2.048648,-3.071790
1378,0.248097,2.049034,-3.068913
1379,0.242798,2.049435,-3.066035
1380,0.237551,2.049845,-3.063568
1381,0.232412,2.050264,-3.060279
1382,0.227273,2.050696,-3.057813
1383,0.222292,2.051128,-3.054935
1384,0.217313,2.051575,-3.052057
1385,0.212388,2.052030,-3.049591
1386,0.207568,2.052486,-3.047124
1387,0.202698,2.052962,-3.044246
1388,0.197933,2.053441,-3.041368
1389,0.193117,2.053937,-3.038902
1390,0.188408,2.054435,-3.036435
1391,0.183751,2.054936,-3.034380
1392,0.179201,2.055439,-3.031502
1393,0.174652,2.055955,-3.028624
1394,0.170313,2.056456,-3.026569
1395,0.165976,2.056970,-3.023691
1396,0.161744,2.057480,-3.021635
1397,0.157513,2.057999,-3.019580
1398,0.153388,2.058513,-3.017524
1399,0.149317,2.059031,-3.015058
1400,0.145246,2.059559,-3.012591
1401,0.141229,2.060089,-3.010535
1402,0.137317,2.060612,-3.008480
1403,0.133511,2.061130,-3.006424
1404,0.129654,2.061664,-3.003958
1405,0.125902,2.062193,-3.001491
1406,0.122204,2.062723,-2.999436
1407,0.118611,2.063244,-2.997380
1408,0.115018,2.063774,-2.995325
1409,0.111428,2.064313,-2.992447
1410,0.107942,2.064844,-2.990391
1411,0.104406,2.065392,-2.987925
1412,0.101079,2.065916,-2.985458
1413,0.097754,2.066448,-2.982991
1414,0.094482,2.066981,-2.980114
1415,0.091263,2.067513,-2.977647
1416,0.088097,2.068043,-2.975591
1417,0.084933,2.068580,-2.973536
1418,0.081821,2.069116,-2.971069
1419,0.078815,2.069642,-2.968603
1420,0.075861,2.070164,-2.966547
1421,0.072908,2.070692,-2.964492
1422,0.070009,2.071216,-2.962847
1423,0.067214,2.071728,-2.960380
1424,0.064471,2.072237,-2.958325
1425,0.061730,2.072751,-2.956269
1426,0.059145,2.073240,-2.954625
1427,0.056509,2.073744,-2.952569
1428,0.054029,2.074223,-2.950925
1429,0.051550,2.074707,-2.948458
1430,0.049072,2.075196,-2.946814
1431,0.046647,2.075680,-2.944758
1432,0.044325,2.076148,-2.942703
1433,0.042005,2.076620,-2.940647
1434,0.039737,2.077086,-2.939003
1435,0.037985,2.077449,-2.937358
1436,0.036645,2.077726,-2.938181
1437,0.035047,2.078054,-2.938592
1438,0.033502,2.078375,-2.936947
1439,0.032265,2.078630,-2.938592
1440,0.031336,2.078818,-2.941881
1441,0.030304,2.079026,-2.942703
1442,0.029221,2.079244,-2.942292
1443,0.028241,2.079442,-2.942703
1444,0.027674,2.079556,-2.943936
1445,0.027209,2.079649,-2.943525
1446,0.026848,2.079721,-2.943114
1447,0.026590,2.079773,-2.944347
1448,0.026332,2.079824,-2.945581
1449,0.026280,2.079835,-2.945992
1450,0.026280,2.079835,-2.945992
1451,0.026332,2.079824,-2.946403
1452,0.026384,2.079814,-2.945992
1453,0.026487,2.079794,-2.946814
1454,0.026693,2.079753,-2.946814
1455,0.027003,2.079692,-2.946814
1456,0.027210,2.079651,-2.947636
1457,0.027365,2.079621,-2.949692
1458,0.027571,2.079581,-2.950514
1459,0.027830,2.079532,-2.952569
1460,0.027985,2.079502,-2.954625
1461,0.028192,2.079464,-2.957092
1462,0.028347,2.079435,-2.959969
1463,0.028606,2.079389,-2.962847
1464,0.028710,2.079370,-2.966958
1465,0.028865,2.079343,-2.970658
1466,0.029021,2.079317,-2.975180
1467,0.029073,2.079309,-2.980525
1468,0.029125,2.079301,-2.985869
1469,0.029229,2.079285,-2.993269
1470,0.029333,2.079270,-2.999024
1471,0.029385,2.079263,-3.006836
1472,0.029542,2.079243,-3.015469
1473,0.029646,2.079231,-3.023691
1474,0.029751,2.079219,-3.033557
1475,0.029856,2.079209,-3.044246
1476,0.029908,2.079205,-3.054524
1477,0.030066,2.079193,-3.065624
1478,0.030171,2.079186,-3.078779
1479,0.030276,2.079181,-3.091935
1480,0.030381,2.079177,-3.105090
1481,0.030434,2.079176,-3.120301
1482,0.030539,2.079175,-3.135923
1483,0.030434,2.079174,-3.151545
1484,0.030486,2.079176,-3.169223
1485,0.030539,2.079178,-3.186900
1486,0.030434,2.079172,-3.204167
1487,0.030381,2.079167,-3.224311
1488,0.030329,2.079162,-3.243633
1489,0.030172,2.079143,-3.262955
1490,0.030068,2.079128,-3.283510
1491,0.029912,2.079102,-3.305299
1492,0.029757,2.079073,-3.326266
1493,0.029706,2.079062,-3.349699
1494,0.029501,2.079014,-3.372721
1495,0.029348,2.078974,-3.396154
1496,0.029095,2.078902,-3.420409
1497,0.028944,2.078855,-3.444664
1498,0.028745,2.078787,-3.470153
1499,0.028548,2.078714,-3.495642
1500,0.028303,2.078616,-3.521541
1501,0.028110,2.078533,-3.547852
1502,0.027967,2.078467,-3.573752
1503,0.027778,2.078374,-3.600063
1504,0.027638,2.078300,-3.626785
1505,0.027455,2.078197,-3.653095
1506,0.027274,2.078089,-3.680229
1507,0.027096,2.077976,-3.707362
1508,0.027009,2.077918,-3.733672
1509,0.026838,2.077795,-3.760805
1510,0.026711,2.077700,-3.787527
1511,0.026588,2.077602,-3.814249
1512,0.026588,2.077602,-3.840560
1513,0.026549,2.077567,-3.865638
1514,0.026472,2.077495,-3.891126
1515,0.026359,2.077385,-3.917026
1516,0.026322,2.077347,-3.941281
1517,0.026286,2.077309,-3.965537
1518,0.026321,2.077348,-3.988970
1519,0.026287,2.077308,-4.013225
1520,0.026287,2.077308,-4.036247
1521,0.026351,2.077391,-4.059269
1522,0.026382,2.077434,-4.081880
1523,0.026442,2.077520,-4.104080
1524,0.026413,2.077476,-4.125868
1525,0.026441,2.077521,-4.147657
1526,0.026469,2.077566,-4.168623
1527,0.026495,2.077611,-4.189590
1528,0.026520,2.077658,-4.209734
1529,0.026545,2.077704,-4.229056
1530,0.026568,2.077751,-4.248378
1531,0.026614,2.077846,-4.267289
1532,0.026657,2.077942,-4.285378
1533,0.026699,2.078039,-4.303467
1534,0.026739,2.078136,-4.320733
1535,0.026778,2.078234,-4.337999
1536,0.026833,2.078382,-4.354033
1537,0.026868,2.078481,-4.369655
1538,0.026885,2.078531,-4.384866
1539,0.026918,2.078631,-4.399666
1540,0.026964,2.078782,-4.413232
1541,0.027009,2.078933,-4.426799
1542,0.027051,2.079085,-4.439543
1543,0.027051,2.079085,-4.449409
1544,0.027038,2.079034,-4.458865
1545,0.027038,2.079034,-4.469554
1546,0.027063,2.079137,-4.478598
1547,0.027063,2.079137,-4.486820
1548,0.027063,2.079137,-4.493398
1549,0.027051,2.079085,-4.499564
1550,0.027051,2.079085,-4.505320
1551,0.027051,2.079085,-4.509431
1552,0.027041,2.079034,-4.513953
1553,0.027021,2.078930,-4.517242
1554,0.027011,2.078879,-4.519298
1555,0.027000,2.078827,-4.520531
1556,0.026990,2.078775,-4.520942
1557,0.026960,2.078620,-4.521353
1558,0.026941,2.078517,-4.521353
1559,0.026920,2.078414,-4.520531
1560,0.026910,2.078362,-4.520120
1561,0.026870,2.078155,-4.520120
1562,0.026820,2.077897,-4.520531
1563,0.026770,2.077639,-4.520120
1564,0.026709,2.077329,-4.520120
1565,0.026649,2.077019,-4.520120
1566,0.026569,2.076606,-4.520120
1567,0.026478,2.076141,-4.520531
1568,0.026388,2.075676,-4.520942
1569,0.026278,2.075108,-4.521353
1570,0.026139,2.074384,-4.522175
1571,0.026010,2.073712,-4.522586
1572,0.025862,2.072937,-4.523820
1573,0.025695,2.072058,-4.524231
1574,0.025528,2.071180,-4.524642
1575,0.025352,2.070249,-4.526286
1576,0.025158,2.069214,-4.526286
1577,0.024944,2.068077,-4.527109
1578,0.024722,2.066887,-4.527520
1579,0.024500,2.065697,-4.527931
1580,0.024259,2.064404,-4.528342
1581,0.024009,2.063059,-4.528342
1582,0.023730,2.061558,-4.528753
1583,0.023452,2.060058,-4.529164
1584,0.023185,2.058609,-4.529986
1585,0.022871,2.056901,-4.530397
1586,0.022558,2.055193,-4.531631
1587,0.022238,2.053433,-4.532453
1588,0.021901,2.051569,-4.533275
1589,0.021566,2.049704,-4.534920
1590,0.021196,2.047632,-4.535742
1591,0.020828,2.045559,-4.536564
1592,0.020463,2.043486,-4.538209
1593,0.020066,2.041205,-4.539853
1594,0.019662,2.038872,-4.541086
1595,0.019246,2.036434,-4.543142
1596,0.018824,2.033944,-4.544786
1597,0.018397,2.031401,-4.546020
1598,0.017958,2.028753,-4.548075
1599,0.017515,2.026053,-4.549720
1600,0.017069,2.023300,-4.551775
1601,0.016612,2.020442,-4.553831
1602,0.016145,2.017479,-4.555886
1603,0.015686,2.014515,-4.558764
1604,0.015217,2.011446,-4.560819
1605,0.014748,2.008324,-4.563286
1606,0.014280,2.005148,-4.566164
1607,0.013795,2.001816,-4.567808
1608,0.013321,1.998534,-4.569042
1609,0.012822,1.995097,-4.568219
1610,0.012293,1.991505,-4.566164
1611,0.011754,1.987915,-4.563286
1612,0.011204,1.984272,-4.562464
1613,0.010654,1.980683,-4.560408
1614,0.010081,1.976992,-4.558353
1615,0.009500,1.973301,-4.556297
1616,0.008912,1.969611,-4.554242
1617,0.008303,1.965872,-4.550953
1618,0.007654,1.961979,-4.547253
1619,0.006991,1.958088,-4.543553
1620,0.006307,1.954201,-4.538209
1621,0.005621,1.950422,-4.532864
1622,0.004861,1.946388,-4.526286
1623,0.004081,1.942412,-4.518475
1624,0.003257,1.938391,-4.510253
1625,0.002415,1.934482,-4.500387
1626,0.001522,1.930529,-4.490109
1627,0.000581,1.926588,-4.478187
1628,-0.000377,1.922760,-4.467087
1629,-0.001348,1.919043,-4.456809
1630,-0.002400,1.915185,-4.446121
1631,-0.003475,1.911387,-4.436665
1632,-0.004615,1.907499,-4.427210
1633,-0.005778,1.903673,-4.417343
1634,-0.006958,1.899907,-4.408710
1635,-0.008141,1.896252,-4.399254
1636,-0.009371,1.892557,-4.391032
1637,-0.010634,1.888874,-4.381988
1638,-0.011912,1.885251,-4.373355
1639,-0.013221,1.881640,-4.364721
1640,-0.014581,1.877991,-4.355677
1641,-0.015988,1.874303,-4.347866
1642,-0.017420,1.870626,-4.340877
1643,-0.018935,1.866811,-4.334300
1644,-0.020451,1.863054,-4.328955
1645,-0.022021,1.859204,-4.325255
1646,-0.023604,1.855361,-4.321555
1647,-0.025215,1.851471,-4.319911
1648,-0.026890,1.847438,-4.318677
1649,-0.028586,1.843356,-4.318677
1650,-0.030296,1.839223,-4.319911
1651,-0.032024,1.835040,-4.320733
1652,-0.033784,1.830757,-4.322377
1653,-0.035560,1.826423,-4.323611
1654,-0.037348,1.822038,-4.325255
1655,-0.039168,1.817552,-4.326900
1656,-0.041042,1.812917,-4.328133
1657,-0.042924,1.808229,-4.330600
1658,-0.044855,1.803391,-4.332655
1659,-0.046776,1.798549,-4.334711
1660,-0.048680,1.793699,-4.338411
1661,-0.050418,1.789181,-4.344988
1662,-0.052002,1.784942,-4.354855
1663,-0.053600,1.780539,-4.364310
1664,-0.055225,1.775923,-4.373766
1665,-0.056807,1.771292,-4.383221
1666,-0.058356,1.766595,-4.393910
1667,-0.059869,1.761830,-4.405010
1668,-0.061311,1.757098,-4.416521
1669,-0.062728,1.752250,-4.428032
1670,-0.064077,1.747436,-4.439132
1671,-0.065357,1.742658,-4.450643
1672,-0.066567,1.737916,-4.462565
1673,-0.067760,1.733007,-4.474076
1674,-0.068882,1.728136,-4.485998
1675,-0.069968,1.723148,-4.497920
1676,-0.070974,1.718251,-4.509842
1677,-0.071929,1.713291,-4.522175
1678,-0.072834,1.708267,-4.534097
1679,-0.073693,1.703129,-4.546842
1680,-0.074496,1.697929,-4.559175
1681,-0.075240,1.692666,-4.571919
1682,-0.075912,1.687447,-4.584252
1683,-0.076536,1.682063,-4.596997
1684,-0.077110,1.676515,-4.609330
1685,-0.077608,1.671012,-4.622074
1686,-0.078043,1.665451,-4.634408
1687,-0.078415,1.659833,-4.646330
1688,-0.078725,1.654053,-4.658663
1689,-0.078970,1.648217,-4.670585
1690,-0.079147,1.642273,-4.682507
1691,-0.079257,1.636276,-4.694018
1692,-0.079301,1.630224,-4.705118
1693,-0.079277,1.623962,-4.716218
1694,-0.079191,1.617806,-4.726495
1695,-0.079045,1.611651,-4.735951
1696,-0.078839,1.605393,-4.745406
1697,-0.078578,1.599136,-4.754040
1698,-0.078263,1.592777,-4.761851
1699,-0.077921,1.586682,-4.768428
1700,-0.077538,1.580485,-4.774184
1701,-0.077094,1.574080,-4.781584
1702,-0.076605,1.567573,-4.787339
1703,-0.076092,1.561121,-4.791861
1704,-0.075563,1.554776,-4.795561
1705,-0.075021,1.548432,-4.797617
1706,-0.074454,1.541931,-4.799261
1707,-0.073868,1.535327,-4.800906
1708,-0.073288,1.528881,-4.802139
1709,-0.072701,1.522329,-4.801728
1710,-0.072115,1.515725,-4.800906
1711,-0.071542,1.509172,-4.799672
1712,-0.070975,1.502566,-4.798028
1713,-0.070427,1.496064,-4.796384
1714,-0.069887,1.489456,-4.793917
1715,-0.069364,1.482846,-4.791450
1716,-0.068862,1.476235,-4.788161
1717,-0.068374,1.469517,-4.784873
1718,-0.067915,1.462850,-4.781173
1719,-0.067479,1.456128,-4.777062
1720,-0.067066,1.449405,-4.773773
1721,-0.066693,1.442891,-4.769662
1722,-0.066357,1.436322,-4.763495
1723,-0.066040,1.429594,-4.759384
1724,-0.065757,1.422864,-4.754451
1725,-0.065509,1.416028,-4.748695
1726,-0.065302,1.409348,-4.743351
1727,-0.065131,1.402667,-4.738006
1728,-0.064999,1.395880,-4.731840
1729,-0.064906,1.389145,-4.726084
1730,-0.064850,1.382463,-4.720740
1731,-0.064836,1.375885,-4.714573
1732,-0.064863,1.369202,-4.708407
1733,-0.064924,1.362362,-4.703473
1734,-0.065022,1.355469,-4.698129
1735,-0.065163,1.348577,-4.691962
1736,-0.065331,1.341738,-4.687851
1737,-0.065522,1.334953,-4.684151
1738,-0.065745,1.328168,-4.679629
1739,-0.065992,1.321384,-4.675929
1740,-0.066265,1.314602,-4.672229
1741,-0.066552,1.307925,-4.669352
1742,-0.066859,1.301196,-4.666885
1743,-0.067182,1.294468,-4.664418
1744,-0.067510,1.287846,-4.662774
1745,-0.067850,1.281225,-4.661129
1746,-0.068201,1.274604,-4.659485
1747,-0.068557,1.267930,-4.659074
1748,-0.068910,1.261309,-4.659074
1749,-0.069258,1.254741,-4.659485
1750,-0.069597,1.248330,-4.659485
1751,-0.069942,1.241814,-4.659485
1752,-0.070277,1.235350,-4.660718
1753,-0.070608,1.228833,-4.661541
1754,-0.070929,1.222369,-4.662774
1755,-0.071243,1.215957,-4.663596
1756,-0.071545,1.209491,-4.665652
1757,-0.071839,1.203026,-4.666885
1758,-0.072125,1.196507,-4.668529
1759,-0.072396,1.190040,-4.670585
1760,-0.072653,1.183520,-4.673052
1761,-0.072890,1.177157,-4.675107
1762,-0.073125,1.170794,-4.675518
1763,-0.073367,1.164432,-4.674285
1764,-0.073623,1.158122,-4.671818
1765,-0.073894,1.151708,-4.670174
1766,-0.074165,1.145294,-4.670174
1767,-0.074426,1.138879,-4.671818
1768,-0.074676,1.132517,-4.673052
1769,-0.074924,1.126207,-4.673052
1770,-0.075173,1.119898,-4.673052
1771,-0.075421,1.113588,-4.673052
1772,-0.075669,1.107278,-4.673052
1773,-0.075918,1.101021,-4.672640
1774,-0.076175,1.094817,-4.670996
1775,-0.076452,1.088561,-4.668118
1776,-0.076747,1.082359,-4.664829
1777,-0.077053,1.076262,-4.662363
1778,-0.077367,1.070272,-4.659896
1779,-0.077692,1.064282,-4.658252
1780,-0.078022,1.058292,-4.657430
1781,-0.078351,1.052355,-4.657018
1782,-0.078699,1.046155,-4.656196
1783,-0.079054,1.039903,-4.655785
1784,-0.079405,1.033704,-4.655785
1785,-0.079741,1.027556,-4.657841
1786,-0.080069,1.021303,-4.659896
1787,-0.080380,1.015101,-4.662363
1788,-0.080670,1.008951,-4.665241
1789,-0.080937,1.002801,-4.668941
1790,-0.081176,0.996596,-4.673874
1791,-0.081392,0.990180,-4.678807
1792,-0.081585,0.983710,-4.682507
1793,-0.081759,0.977187,-4.685796
1794,-0.081900,0.970664,-4.690729
1795,-0.082009,0.964297,-4.695251
1796,-0.082090,0.957931,-4.699774
1797,-0.082135,0.951669,-4.705118
1798,-0.082150,0.945459,-4.710051
1799,-0.082133,0.939250,-4.714984
1800,-0.082084,0.932988,-4.720329
1801,-0.082004,0.926622,-4.724851
1802,-0.081895,0.920308,-4.729784
1803,-0.081759,0.913995,-4.733895
1804,-0.081597,0.907682,-4.738006
1805,-0.081409,0.901371,-4.742118
1806,-0.081200,0.895112,-4.745817
1807,-0.080968,0.888854,-4.749517
1808,-0.080712,0.882650,-4.753629
1809,-0.080435,0.876447,-4.756917
1810,-0.080138,0.870192,-4.759795
1811,-0.079824,0.864043,-4.763495
1812,-0.079475,0.857738,-4.767606
1813,-0.079100,0.851382,-4.771306
1814,-0.078714,0.845132,-4.774184
1815,-0.078303,0.838831,-4.777473
1816,-0.077877,0.832531,-4.779939
1817,-0.077461,0.826494,-4.781173
1818,-0.077025,0.820352,-4.783228
1819,-0.076575,0.814159,-4.784873
1820,-0.076121,0.807967,-4.785695
1821,-0.075666,0.801774,-4.785695
1822,-0.075213,0.795634,-4.786106
1823,-0.074753,0.789336,-4.785284
1824,-0.074298,0.783038,-4.784462
1825,-0.073848,0.776739,-4.783639
1826,-0.073410,0.770493,-4.782406
1827,-0.072953,0.763931,-4.781995
1828,-0.072506,0.757527,-4.781995
1829,-0.072085,0.751332,-4.780350
1830,-0.071697,0.745345,-4.777062
1831,-0.071317,0.739200,-4.774184
1832,-0.070947,0.732896,-4.770895
1833,-0.070587,0.726329,-4.767195
1834,-0.070262,0.720022,-4.763906
1835,-0.069958,0.713610,-4.759795
1836,-0.069680,0.707143,-4.755273
1837,-0.069432,0.700676,-4.750751
1838,-0.069217,0.694312,-4.746229
1839,-0.069015,0.687632,-4.742529
1840,-0.068851,0.681109,-4.737595
1841,-0.068713,0.674428,-4.733073
1842,-0.068605,0.667745,-4.728551
1843,-0.068527,0.661063,-4.724029
1844,-0.068478,0.654538,-4.719918
1845,-0.068448,0.648066,-4.717040
1846,-0.068436,0.641488,-4.714162
1847,-0.068443,0.634700,-4.711285
1848,-0.068470,0.627912,-4.708407
1849,-0.068516,0.621229,-4.705529
1850,-0.068581,0.614546,-4.702651
1851,-0.068660,0.607864,-4.700596
1852,-0.068755,0.601234,-4.698129
1853,-0.068867,0.594499,-4.695662
1854,-0.068991,0.587923,-4.693607
1855,-0.069130,0.581241,-4.691551
1856,-0.069279,0.574613,-4.689907
1857,-0.069445,0.567984,-4.687440
1858,-0.069617,0.561409,-4.686207
1859,-0.069797,0.554834,-4.684974
1860,-0.069989,0.548154,-4.683740
1861,-0.070181,0.541631,-4.682918
1862,-0.070374,0.535162,-4.682507
1863,-0.070572,0.528798,-4.681274
1864,-0.070772,0.522381,-4.681274
1865,-0.070973,0.516017,-4.680863
1866,-0.071177,0.509705,-4.680040
1867,-0.071385,0.503289,-4.680040
1868,-0.071597,0.496873,-4.679218
1869,-0.071810,0.490456,-4.679218
1870,-0.072023,0.484040,-4.679218
1871,-0.072237,0.477676,-4.678807
1872,-0.072449,0.471365,-4.678807
1873,-0.072652,0.465159,-4.679629
1874,-0.072855,0.458901,-4.680040
1875,-0.073054,0.452589,-4.680863
1876,-0.073244,0.446330,-4.682096
1877,-0.073423,0.440176,-4.683329
1878,-0.073589,0.434021,-4.685385
1879,-0.073746,0.427814,-4.687029
1880,-0.073890,0.421659,-4.689085
1881,-0.074024,0.415451,-4.690729
1882,-0.074145,0.409296,-4.692785
1883,-0.074256,0.403087,-4.694429
1884,-0.074354,0.396931,-4.696485
1885,-0.074436,0.390828,-4.698951
1886,-0.074507,0.384829,-4.700596
1887,-0.074566,0.378778,-4.702651
1888,-0.074610,0.372779,-4.705118
1889,-0.074636,0.366728,-4.707996
1890,-0.074650,0.360676,-4.710051
1891,-0.074645,0.354678,-4.713340
1892,-0.074625,0.348784,-4.715807
1893,-0.074590,0.342996,-4.718273
1894,-0.074548,0.337313,-4.719918
1895,-0.074486,0.331630,-4.723207
1896,-0.074409,0.326000,-4.726084
1897,-0.074319,0.320423,-4.728551
1898,-0.074216,0.315004,-4.731429
1899,-0.074096,0.309638,-4.734718
1900,-0.073959,0.304219,-4.737595
1901,-0.073814,0.298959,-4.740062
1902,-0.073666,0.293910,-4.741706
1903,-0.073506,0.288808,-4.743762
1904,-0.073328,0.283549,-4.746229
1905,-0.073136,0.278290,-4.748695
1906,-0.072949,0.273400,-4.750751
1907,-0.072767,0.268773,-4.751573
1908,-0.072578,0.264146,-4.753217
1909,-0.072351,0.259046,-4.756917
1910,-0.072124,0.254263,-4.759795
1911,-0.071898,0.249691,-4.761851
1912,-0.071658,0.245066,-4.764317
1913,-0.071401,0.240390,-4.767195
1914,-0.071138,0.235872,-4.770484
1915,-0.070879,0.231618,-4.773362
1916,-0.070596,0.227259,-4.777062
1917,-0.070287,0.222692,-4.779939
1918,-0.069974,0.218283,-4.783228
1919,-0.069672,0.214136,-4.785284
1920,-0.069376,0.210201,-4.787339
1921,-0.069049,0.206057,-4.791039
1922,-0.068702,0.201808,-4.793917
1923,-0.068358,0.197718,-4.796384
1924,-0.068016,0.193787,-4.799261
1925,-0.067662,0.189856,-4.802139
1926,-0.067310,0.186031,-4.804195
1927,-0.066956,0.182259,-4.805839
1928,-0.066603,0.178592,-4.808306
1929,-0.066242,0.174926,-4.810772
1930,-0.065888,0.171418,-4.812828
1931,-0.065534,0.167963,-4.814472
1932,-0.065158,0.164405,-4.817761
1933,-0.064777,0.160900,-4.820639
1934,-0.064423,0.157710,-4.822694
1935,-0.064064,0.154520,-4.824750
1936,-0.063677,0.151227,-4.829272
1937,-0.063289,0.147988,-4.831739
1938,-0.062902,0.144854,-4.835028
1939,-0.062514,0.141774,-4.837905
1940,-0.062130,0.138799,-4.840783
1941,-0.061737,0.135826,-4.843661
1942,-0.061344,0.132905,-4.846128
1943,-0.060944,0.129986,-4.848594
1944,-0.060543,0.127119,-4.851472
1945,-0.060133,0.124254,-4.854350
1946,-0.059731,0.121495,-4.857227
1947,-0.059314,0.118684,-4.859694
1948,-0.058912,0.116030,-4.862572
1949,-0.058510,0.113430,-4.865861
1950,-0.058092,0.110779,-4.868738
1951,-0.057674,0.108182,-4.872027
1952,-0.057247,0.105585,-4.875316
1953,-0.056839,0.103146,-4.878194
1954,-0.056439,0.100812,-4.881894
1955,-0.056035,0.098479,-4.883949
1956,-0.055632,0.096199,-4.887238
1957,-0.055232,0.093972,-4.890116
1958,-0.054834,0.091798,-4.893405
1959,-0.054438,0.089677,-4.897105
1960,-0.054119,0.088023,-4.902860
1961,-0.053913,0.086991,-4.909438
1962,-0.053690,0.085909,-4.915605
1963,-0.053407,0.084570,-4.920538
1964,-0.053151,0.083388,-4.925882
1965,-0.052967,0.082566,-4.932460
1966,-0.052779,0.081745,-4.938215
1967,-0.052611,0.081028,-4.942327
1968,-0.052452,0.080363,-4.946027
1969,-0.052291,0.079698,-4.950549
1970,-0.052190,0.079289,-4.953838
1971,-0.052088,0.078881,-4.957126
1972,-0.052024,0.078625,-4.959182
1973,-0.051959,0.078370,-4.961237
1974,-0.051894,0.078116,-4.963293
1975,-0.051828,0.077861,-4.964526
1976,-0.051828,0.077861,-4.965349
1977,-0.051828,0.077861,-4.966171
1978,-0.051828,0.077861,-4.966993
1979,-0.051855,0.077963,-4.967815
1980,-0.051908,0.078166,-4.968637
1981,-0.051922,0.078217,-4.971515
1982,-0.051949,0.078319,-4.973160
1983,-0.052004,0.078522,-4.975626
1984,-0.052073,0.078776,-4.978504
1985,-0.052143,0.079029,-4.982204
1986,-0.052186,0.079181,-4.985904
1987,-0.052272,0.079485,-4.990837
1988,-0.052346,0.079738,-4.996182
1989,-0.052391,0.079889,-5.001526
1990,-0.052468,0.080141,-5.008515
1991,-0.052515,0.080291,-5.014681
1992,-0.052579,0.080492,-5.022081
1993,-0.052645,0.080692,-5.030303
1994,-0.052712,0.080891,-5.038526
1995,-0.052764,0.081040,-5.047981
1996,-0.052853,0.081288,-5.057436
1997,-0.052908,0.081436,-5.068536
1998,-0.052984,0.081632,-5.079225
1999,-0.053042,0.081779,-5.091147
2000,-0.053082,0.081876,-5.102658
2001,-0.053165,0.082070,-5.115814
2002,-0.053186,0.082118,-5.129380
2003,-0.053230,0.082214,-5.142536
2004,-0.053275,0.082309,-5.157335
2005,-0.053299,0.082356,-5.173369
2006,-0.053299,0.082356,-5.188168
2007,-0.053324,0.082402,-5.205024
2008,-0.053324,0.082402,-5.222290
2009,-0.053297,0.082357,-5.239146
2010,-0.053270,0.082312,-5.258468
2011,-0.053270,0.082312,-5.277379
2012,-0.053183,0.082180,-5.296701
2013,-0.053123,0.082093,-5.317256
2014,-0.053092,0.082051,-5.338222
2015,-0.052997,0.081925,-5.358367
2016,-0.052964,0.081883,-5.380155
2017,-0.052931,0.081843,-5.401944
2018,-0.052828,0.081723,-5.423733
2019,-0.052757,0.081645,-5.446755
2020,-0.052721,0.081607,-5.470188
2021,-0.052684,0.081569,-5.493621
2022,-0.052570,0.081460,-5.517054
2023,-0.052493,0.081389,-5.540898
2024,-0.052414,0.081320,-5.564742
2025,-0.052333,0.081252,-5.589409
2026,-0.052209,0.081154,-5.613664
2027,-0.052041,0.081028,-5.639153
2028,-0.051912,0.080936,-5.664230
2029,-0.051781,0.080848,-5.689308
2030,-0.051604,0.080735,-5.714796
2031,-0.051424,0.080626,-5.740285
2032,-0.051286,0.080548,-5.766185
2033,-0.051008,0.080399,-5.792496
2034,-0.050867,0.080328,-5.818395
2035,-0.050676,0.080239,-5.844706
2036,-0.050724,0.080260,-5.868961
2037,-0.050627,0.080220,-5.893628
2038,-0.050627,0.080220,-5.915828
2039,-0.050775,0.080274,-5.936794
2040,-0.050775,0.080274,-5.955705
2041,-0.050775,0.080274,-5.973794
2042,-0.050775,0.080274,-5.990238
2043,-0.050877,0.080303,-6.005860
2044,-0.050928,0.080316,-6.021071
2045,-0.050979,0.080329,-6.037104
2046,-0.051184,0.080377,-6.054371
2047,-0.051338,0.080410,-6.069582
2048,-0.051441,0.080431,-6.084381
2049,-0.051493,0.080441,-6.098770
2050,-0.051545,0.080450,-6.112337
2051,-0.051648,0.080466,-6.124670
2052,-0.051701,0.080474,-6.137414
2053,-0.052066,0.080523,-6.150158
2054,-0.052536,0.080579,-6.163725
2055,-0.052588,0.080585,-6.174003
2056,-0.052588,0.080585,-6.183047
2057,-0.052903,0.080613,-6.192914
2058,-0.053270,0.080643,-6.203191
2059,-0.053532,0.080661,-6.212647
2060,-0.053847,0.080681,-6.222513
2061,-0.054478,0.080712,-6.233202
2062,-0.055056,0.080736,-6.242658
2063,-0.055477,0.080749,-6.250880
2064,-0.055845,0.080758,-6.260335
2065,-0.056056,0.080760,-6.270202
2066,-0.055951,0.080760,-6.279246
2067,-0.056056,0.080759,-6.287468
2068,-0.056161,0.080758,-6.297335
2069,-0.055951,0.080763,-6.308024
2070,-0.055846,0.080767,-6.318712
2071,-0.055846,0.080767,-6.331046
2072,-0.055846,0.080767,-6.341734
2073,-0.055531,0.080788,-6.349956
2074,-0.055058,0.080823,-6.356945
2075,-0.054796,0.080845,-6.365578
2076,-0.054639,0.080859,-6.375034
2077,-0.054534,0.080870,-6.384078
2078,-0.054325,0.080893,-6.392300
2079,-0.053855,0.080948,-6.400111
